t1,ch1,t2,ch2
-3.748046875,0.0011191635131835938,-3.74804675,1.1109507751464844
-3.743046875,-0.004849708557128906,-3.74304675,1.3849520874023438
-3.738046875,0.0011191635131835938,-3.73804675,1.6290623474121093
-3.733046875,-0.0018652725219726561,-3.7330467499999997,1.4845889282226563
-3.728046875,-0.004849708557128906,-3.72804675,1.554334716796875
-3.723046875,-0.0008704605102539062,-3.72304675,1.7486265563964845
-3.718046875,0.0041035995483398435,-3.71804675,1.6141168212890626
-3.713046875,-0.006839332580566406,-3.7130467499999997,1.4447341918945313
-3.708046875,-0.006839332580566406,-3.70804675,1.6539715576171876
-3.703046875,0.0041035995483398435,-3.70304675,1.6190986633300781
-3.698046875,-0.006839332580566406,-3.69804675,1.290297088623047
-3.6930468750000003,-0.005844520568847656,-3.69304675,1.4347705078125
-3.688046875,-0.004849708557128906,-3.68804675,1.554334716796875
-3.683046875,0.0021139755249023435,-3.68304675,1.2454605102539062
-3.678046875,-0.006839332580566406,-3.67804675,1.2753515625
-3.6730468750000003,0.0021139755249023435,-3.67304675,1.489570770263672
-3.668046875,-0.0018652725219726561,-3.66804675,1.2703697204589843
-3.663046875,-0.008828956604003907,-3.66304675,1.0910234069824218
-3.658046875,-0.004849708557128906,-3.65804675,1.340115509033203
-3.6530468750000002,-0.006839332580566406,-3.65304675,1.2753515625
-3.648046875,-0.004849708557128906,-3.64804675,0.9415681457519531
-3.643046875,-0.005844520568847656,-3.64304675,1.1757147216796875
-3.638046875,-0.011813392639160156,-3.63804675,1.2404786682128908
-3.6330468750000002,-0.006839332580566406,-3.63304675,0.9066952514648438
-3.628046875,-0.006839332580566406,-3.6280467499999998,0.9465499877929687
-3.623046875,-0.006839332580566406,-3.62304675,1.1856784057617187
-3.618046875,0.0011191635131835938,-3.61804675,0.9515318298339844
-3.613046875,-0.007834144592285156,-3.61304675,0.7672036743164062
-3.608046875,-0.006839332580566406,-3.6080467499999997,1.0960052490234375
-3.603046875,-0.010818580627441406,-3.60304675,0.9764410400390625
-3.598046875,-0.0038548965454101563,-3.59804675,0.63767578125
-3.593046875,-0.0018652725219726561,-3.59304675,0.8817860412597657
-3.588046875,-0.0028600845336914063,-3.5880467499999997,0.9465499877929687
-3.583046875,0.00012435150146484375,-3.58304675,0.597821044921875
-3.578046875,-0.0028600845336914063,-3.57804675,0.63767578125
-3.573046875,-0.0028600845336914063,-3.57304675,0.8817860412597657
-3.5680468750000003,-0.0028600845336914063,-3.56804675,0.63767578125
-3.563046875,-0.010818580627441406,-3.56304675,0.42843841552734374
-3.558046875,-0.0018652725219726561,-3.55804675,0.7672036743164062
-3.553046875,-0.004849708557128906,-3.55304675,0.6825123596191407
-3.5480468750000003,-0.006839332580566406,-3.54804675,0.32381973266601566
-3.543046875,0.0011191635131835938,-3.54304675,0.6028028869628906
-3.538046875,-0.0038548965454101563,-3.53804675,0.6874942016601563
-3.533046875,0.00012435150146484375,-3.53304675,0.34374710083007814
-3.5280468750000002,-0.0028600845336914063,-3.52804675,0.39356552124023436
-3.523046875,-0.0038548965454101563,-3.52304675,0.6625849914550781
-3.518046875,-0.0008704605102539062,-3.51804675,0.42345657348632815
-3.513046875,-0.0018652725219726561,-3.51304675,0.23414657592773438
-3.5080468750000002,0.00012435150146484375,-3.50804675,0.597821044921875
-3.503046875,-0.0038548965454101563,-3.5030467499999998,0.4932023620605469
-3.498046875,0.0011191635131835938,-3.49804675,0.1793463134765625
-3.493046875,-0.0008704605102539062,-3.49304675,0.4483657836914063
-3.488046875,-0.0038548965454101563,-3.48804675,0.5280752563476563
-3.483046875,-0.0028600845336914063,-3.4830467499999997,0.20425552368164063
-3.478046875,0.0021139755249023435,-3.47804675,0.2740013122558594
-3.473046875,-0.0008704605102539062,-3.47304675,0.5480026245117188
-3.468046875,-0.0028600845336914063,-3.46804675,0.2989105224609375
-3.463046875,-0.0008704605102539062,-3.4630467499999997,0.14447341918945314
-3.458046875,-0.004849708557128906,-3.45804675,0.48822052001953126
-3.453046875,-0.005844520568847656,-3.45304675,0.3736381530761719
-3.448046875,0.0031087875366210935,-3.44804675,0.04981842041015625
-3.4430468750000003,-0.006839332580566406,-3.44304675,0.30887420654296877
-3.438046875,0.0011191635131835938,-3.43804675,0.4134928894042969
-3.433046875,0.0041035995483398435,-3.43304675,0.08967315673828125
-3.428046875,0.0011191635131835938,-3.42804675,0.13450973510742187
-3.4230468750000003,-0.0018652725219726561,-3.42304675,0.40352920532226566
-3.418046875,-0.005844520568847656,-3.41804675,0.16938262939453125
-3.413046875,-0.0008704605102539062,-3.41304675,0.00996368408203125
-3.408046875,0.0041035995483398435,-3.40804675,0.34872894287109374
-3.4030468750000002,-0.008828956604003907,-3.40304675,0.23912841796875
-3.398046875,-0.0028600845336914063,-3.39804675,-0.08469131469726562
-3.393046875,-0.005844520568847656,-3.39304675,0.199273681640625
-3.388046875,0.0011191635131835938,-3.38804675,0.2939286804199219
-3.3830468750000002,0.005098411560058594,-3.38304675,-0.02989105224609375
-3.378046875,-0.007834144592285156,-3.3780467499999998,0.039854736328125
-3.373046875,-0.006839332580566406,-3.37304675,0.3038923645019531
-3.368046875,-0.0018652725219726561,-3.36804675,0.06974578857421876
-3.363046875,-0.007834144592285156,-3.36304675,-0.0996368408203125
-3.358046875,0.00012435150146484375,-3.3580467499999997,0.24909210205078125
-3.353046875,0.00012435150146484375,-3.35304675,0.17436447143554687
-3.348046875,-0.0038548965454101563,-3.34804675,-0.07970947265625
-3.343046875,-0.004849708557128906,-3.34304675,0.23414657592773438
-3.338046875,-0.004849708557128906,-3.3380467499999997,0.3387652587890625
-3.333046875,-0.005844520568847656,-3.33304675,0.10461868286132812
-3.328046875,0.0011191635131835938,-3.32804675,0.199273681640625
-3.323046875,-0.0008704605102539062,-3.32304675,0.42843841552734374
-3.3180468750000003,0.0041035995483398435,-3.31804675,0.19429183959960938
-3.313046875,0.0011191635131835938,-3.31304675,0.07970947265625
-3.308046875,-0.0018652725219726561,-3.30804675,0.3836018371582031
-3.303046875,-0.0038548965454101563,-3.30304675,0.2939286804199219
-3.2980468750000003,-0.0038548965454101563,-3.29804675,0.04981842041015625
-3.293046875,-0.0038548965454101563,-3.29304675,0.2939286804199219
-3.288046875,-0.0028600845336914063,-3.28804675,0.3537107849121094
-3.283046875,-0.0038548965454101563,-3.28304675,0.07970947265625
-3.2780468750000002,0.0021139755249023435,-3.27804675,0.1594189453125
-3.273046875,0.00012435150146484375,-3.27304675,0.3537107849121094
-3.268046875,0.0021139755249023435,-3.26804675,0.14447341918945314
-3.263046875,-0.005844520568847656,-3.26304675,0.024909210205078126
-3.2580468750000002,0.0031087875366210935,-3.25804675,0.318837890625
-3.253046875,0.0011191635131835938,-3.2530467499999998,0.22418289184570314
-3.248046875,-0.0028600845336914063,-3.24804675,-0.00996368408203125
-3.243046875,-0.004849708557128906,-3.24304675,0.22418289184570314
-3.238046875,-0.0018652725219726561,-3.23804675,0.2740013122558594
-3.233046875,0.0011191635131835938,-3.2330467499999997,0.04483657836914062
-3.228046875,-0.011813392639160156,-3.22804675,0.11458236694335938
-3.223046875,-0.004849708557128906,-3.22304675,0.318837890625
-3.218046875,0.0031087875366210935,-3.21804675,0.16938262939453125
-3.213046875,-0.011813392639160156,-3.2130467499999997,0.07970947265625
-3.208046875,-0.006839332580566406,-3.20804675,0.36367446899414063
-3.203046875,-0.004849708557128906,-3.20304675,0.23912841796875
-3.198046875,-0.005844520568847656,-3.19804675,-0.0199273681640625
-3.1930468750000003,-0.011813392639160156,-3.19304675,0.19429183959960938
-3.188046875,-0.008828956604003907,-3.18804675,0.17436447143554687
-3.183046875,-0.010818580627441406,-3.18304675,-0.15443710327148438
-3.178046875,-0.0008704605102539062,-3.17804675,-0.0996368408203125
-3.1730468750000003,0.0021139755249023435,-3.17304675,0.10960052490234376
-3.168046875,-0.0018652725219726561,-3.16804675,-0.15443710327148438
-3.163046875,-0.006839332580566406,-3.16304675,-0.28396499633789063
-3.158046875,-0.0038548965454101563,-3.15804675,0.04981842041015625
-3.1530468750000002,-0.0018652725219726561,-3.15304675,-0.06476394653320312
-3.148046875,-0.010818580627441406,-3.14804675,-0.3387652587890625
-3.143046875,-0.006839332580566406,-3.14304675,-0.07472763061523438
-3.138046875,-0.006839332580566406,-3.13804675,0.0199273681640625
-3.1330468750000002,-0.004849708557128906,-3.13304675,-0.2540739440917969
-3.128046875,-0.0028600845336914063,-3.1280467499999998,-0.13949157714843752
-3.123046875,0.0011191635131835938,-3.12304675,0.12454605102539062
-3.118046875,-0.0028600845336914063,-3.11804675,-0.024909210205078126
-3.113046875,-0.0028600845336914063,-3.11304675,-0.07970947265625
-3.108046875,-0.007834144592285156,-3.1080467499999997,0.22916473388671876
-3.103046875,-0.009823768615722655,-3.10304675,0.08967315673828125
-3.098046875,-0.0008704605102539062,-3.09804675,-0.28396499633789063
-3.093046875,-0.005844520568847656,-3.09304675,-0.08967315673828125
-3.088046875,-0.007834144592285156,-3.0880467499999997,-0.06476394653320312
-3.083046875,-0.0038548965454101563,-3.08304675,-0.40851104736328125
-3.078046875,-0.0028600845336914063,-3.07804675,-0.318837890625
-3.073046875,-0.005844520568847656,-3.07304675,-0.024909210205078126
-3.0680468750000003,-0.004849708557128906,-3.06804675,-0.20425552368164063
-3.063046875,0.00012435150146484375,-3.06304675,-0.3038923645019531
-3.058046875,-0.005844520568847656,-3.05804675,0.0597821044921875
-3.053046875,-0.0038548965454101563,-3.05304675,-0.03487289428710938
-3.0480468750000003,-0.0028600845336914063,-3.04804675,-0.26403762817382814
-3.043046875,-0.004849708557128906,-3.04304675,0.03487289428710938
-3.038046875,-0.005844520568847656,-3.03804675,0.12454605102539062
-3.033046875,-0.0028600845336914063,-3.03304675,-0.12952789306640625
-3.0280468750000002,-0.008828956604003907,-3.02804675,-0.02989105224609375
-3.023046875,0.00012435150146484375,-3.02304675,0.18930999755859376
-3.018046875,0.00012435150146484375,-3.01804675,-0.039854736328125
-3.013046875,-0.004849708557128906,-3.01304675,-0.16440078735351563
-3.0080468750000002,-0.0038548965454101563,-3.00804675,0.14945526123046876
-3.003046875,-0.0028600845336914063,-3.0030467499999998,0.04483657836914062
-2.998046875,0.0011191635131835938,-2.99804675,-0.20923736572265625
-2.993046875,-0.0038548965454101563,-2.99304675,0.05480026245117188
-2.988046875,-0.0018652725219726561,-2.98804675,0.0996368408203125
-2.983046875,-0.006839332580566406,-2.9830467499999997,-0.20923736572265625
-2.978046875,0.0021139755249023435,-2.97804675,-0.12454605102539062
-2.973046875,-0.006839332580566406,-2.97304675,0.11458236694335938
-2.968046875,-0.0038548965454101563,-2.96804675,-0.09465499877929688
-2.963046875,-0.007834144592285156,-2.9630467499999997,-0.21421920776367187
-2.958046875,-0.005844520568847656,-2.95804675,0.119564208984375
-2.953046875,-0.0018652725219726561,-2.95304675,-0.004981842041015625
-2.948046875,-0.0018652725219726561,-2.94804675,-0.2939286804199219
-2.943046875,-0.0018652725219726561,-2.9430467499999997,-0.00996368408203125
-2.938046875,-0.007834144592285156,-2.93804675,0.06974578857421876
-2.933046875,-0.0018652725219726561,-2.93304675,-0.21920104980468752
-2.928046875,-0.007834144592285156,-2.92804675,-0.10960052490234376
-2.9230468750000003,-0.004849708557128906,-2.92304675,0.13450973510742187
-2.918046875,-0.0038548965454101563,-2.91804675,-0.10461868286132812
-2.913046875,-0.0028600845336914063,-2.91304675,-0.21920104980468752
-2.908046875,-0.004849708557128906,-2.90804675,0.11458236694335938
-2.9030468750000002,-0.005844520568847656,-2.90304675,0.004981842041015625
-2.898046875,-0.0028600845336914063,-2.89804675,-0.2540739440917969
-2.893046875,0.0011191635131835938,-2.89304675,0.039854736328125
-2.888046875,-0.007834144592285156,-2.88804675,0.08469131469726562
-2.8830468750000002,-0.0018652725219726561,-2.88304675,-0.24411026000976563
-2.878046875,-0.0028600845336914063,-2.8780467499999998,-0.14945526123046876
-2.873046875,-0.0008704605102539062,-2.87304675,0.08967315673828125
-2.868046875,0.00012435150146484375,-2.86804675,-0.14945526123046876
-2.863046875,-0.0018652725219726561,-2.86304675,-0.2590557861328125
-2.858046875,0.0011191635131835938,-2.8580467499999997,0.07970947265625
-2.853046875,0.0021139755249023435,-2.85304675,-0.024909210205078126
-2.848046875,0.00012435150146484375,-2.84804675,-0.2889468383789063
-2.843046875,-0.008828956604003907,-2.84304675,0.004981842041015625
-2.838046875,-0.0008704605102539062,-2.8380467499999997,0.07472763061523438
-2.833046875,0.00012435150146484375,-2.83304675,-0.19429183959960938
-2.828046875,-0.004849708557128906,-2.82804675,-0.08469131469726562
-2.823046875,-0.006839332580566406,-2.82304675,0.16440078735351563
-2.818046875,0.0031087875366210935,-2.8180467499999997,-0.04981842041015625
-2.813046875,-0.0008704605102539062,-2.81304675,-0.14945526123046876
-2.808046875,-0.004849708557128906,-2.80804675,0.18432815551757814
-2.803046875,-0.004849708557128906,-2.80304675,0.08967315673828125
-2.7980468750000003,-0.0028600845336914063,-2.79804675,-0.14447341918945314
-2.793046875,-0.007834144592285156,-2.79304675,0.12952789306640625
-2.788046875,-0.0038548965454101563,-2.78804675,0.17436447143554687
-2.783046875,0.0011191635131835938,-2.78304675,-0.10461868286132812
-2.7780468750000002,0.00012435150146484375,-2.77804675,0.004981842041015625
-2.773046875,-0.0018652725219726561,-2.77304675,0.22916473388671876
-2.768046875,-0.005844520568847656,-2.76804675,0.0199273681640625
-2.763046875,-0.0028600845336914063,-2.76304675,-0.06476394653320312
-2.7580468750000002,-0.0038548965454101563,-2.75804675,0.2540739440917969
-2.753046875,-0.0018652725219726561,-2.7530467499999998,0.14945526123046876
-2.748046875,-0.006839332580566406,-2.74804675,-0.08469131469726562
-2.743046875,-0.0028600845336914063,-2.74304675,0.18432815551757814
-2.738046875,-0.005844520568847656,-2.73804675,0.21920104980468752
-2.733046875,-0.0018652725219726561,-2.7330467499999997,-0.039854736328125
-2.728046875,0.00012435150146484375,-2.72804675,0.0597821044921875
-2.723046875,-0.005844520568847656,-2.72304675,0.24411026000976563
-2.718046875,-0.005844520568847656,-2.71804675,0.004981842041015625
-2.713046875,-0.0028600845336914063,-2.7130467499999997,-0.0996368408203125
-2.708046875,-0.0038548965454101563,-2.70804675,0.19429183959960938
-2.703046875,-0.009823768615722655,-2.70304675,0.07472763061523438
-2.698046875,-0.0038548965454101563,-2.69804675,-0.14945526123046876
-2.693046875,-0.009823768615722655,-2.6930467499999997,0.0996368408203125
-2.688046875,0.00012435150146484375,-2.68804675,0.12952789306640625
-2.683046875,0.0031087875366210935,-2.68304675,-0.1594189453125
-2.678046875,-0.004849708557128906,-2.67804675,-0.08469131469726562
-2.6730468750000003,0.00012435150146484375,-2.67304675,0.14945526123046876
-2.668046875,-0.0028600845336914063,-2.66804675,-0.08469131469726562
-2.663046875,0.0011191635131835938,-2.66304675,-0.1594189453125
-2.658046875,0.0041035995483398435,-2.65804675,0.14447341918945314
-2.6530468750000002,-0.0008704605102539062,-2.65304675,0.02989105224609375
-2.648046875,-0.007834144592285156,-2.64804675,-0.22418289184570314
-2.643046875,0.0011191635131835938,-2.64304675,0.04981842041015625
-2.638046875,-0.004849708557128906,-2.63804675,0.07472763061523438
-2.6330468750000002,0.0011191635131835938,-2.63304675,-0.19429183959960938
-2.628046875,-0.0028600845336914063,-2.6280467499999998,-0.08967315673828125
-2.623046875,-0.007834144592285156,-2.62304675,0.10960052490234376
-2.618046875,-0.0018652725219726561,-2.61804675,-0.12454605102539062
-2.613046875,-0.0028600845336914063,-2.61304675,-0.22916473388671876
-2.608046875,-0.0008704605102539062,-2.6080467499999997,0.08469131469726562
-2.603046875,0.005098411560058594,-2.60304675,-0.03487289428710938
-2.598046875,-0.0028600845336914063,-2.59804675,-0.2889468383789063
-2.593046875,-0.0018652725219726561,-2.59304675,-0.00996368408203125
-2.588046875,-0.007834144592285156,-2.5880467499999997,0.024909210205078126
-2.583046875,0.005098411560058594,-2.58304675,-0.2989105224609375
-2.578046875,-0.007834144592285156,-2.57804675,-0.19429183959960938
-2.573046875,-0.0028600845336914063,-2.57304675,0.03487289428710938
-2.568046875,-0.006839332580566406,-2.5680467499999997,-0.19429183959960938
-2.563046875,-0.0018652725219726561,-2.56304675,-0.2939286804199219
-2.558046875,0.0031087875366210935,-2.55804675,0.05480026245117188
-2.553046875,0.0011191635131835938,-2.55304675,-0.07472763061523438
-2.5480468750000003,-0.0028600845336914063,-2.54804675,-0.34374710083007814
-2.543046875,-0.006839332580566406,-2.54304675,-0.024909210205078126
-2.538046875,0.0011191635131835938,-2.53804675,0.0199273681640625
-2.533046875,-0.004849708557128906,-2.53304675,-0.2540739440917969
-2.5280468750000002,-0.0018652725219726561,-2.52804675,-0.13450973510742187
-2.523046875,-0.0028600845336914063,-2.52304675,0.09465499877929688
-2.518046875,-0.004849708557128906,-2.51804675,-0.119564208984375
-2.513046875,-0.005844520568847656,-2.51304675,-0.21421920776367187
-2.5080468750000002,0.00012435150146484375,-2.50804675,0.11458236694335938
-2.503046875,-0.0008704605102539062,-2.5030467499999998,0.004981842041015625
-2.498046875,0.0031087875366210935,-2.49804675,-0.21421920776367187
-2.493046875,-0.0018652725219726561,-2.49304675,0.08469131469726562
-2.488046875,0.00012435150146484375,-2.48804675,0.10960052490234376
-2.483046875,-0.007834144592285156,-2.4830467499999997,-0.19429183959960938
-2.478046875,-0.0028600845336914063,-2.47804675,-0.08967315673828125
-2.473046875,-0.0008704605102539062,-2.47304675,0.13949157714843752
-2.468046875,-0.0038548965454101563,-2.46804675,-0.08967315673828125
-2.463046875,-0.008828956604003907,-2.4630467499999997,-0.16938262939453125
-2.458046875,-0.0028600845336914063,-2.45804675,0.15443710327148438
-2.453046875,-0.005844520568847656,-2.45304675,0.039854736328125
-2.448046875,-0.0018652725219726561,-2.44804675,-0.20425552368164063
-2.443046875,-0.0018652725219726561,-2.4430467499999997,0.07472763061523438
-2.438046875,-0.006839332580566406,-2.43804675,0.10461868286132812
-2.433046875,-0.006839332580566406,-2.43304675,-0.16938262939453125
-2.428046875,0.0031087875366210935,-2.42804675,-0.06476394653320312
-2.4230468750000003,-0.0008704605102539062,-2.42304675,0.1594189453125
-2.418046875,-0.0028600845336914063,-2.41804675,-0.08469131469726562
-2.413046875,-0.005844520568847656,-2.41304675,-0.14447341918945314
-2.408046875,-0.006839332580566406,-2.40804675,0.17436447143554687
-2.4030468750000002,-0.0028600845336914063,-2.40304675,0.04483657836914062
-2.398046875,-0.0008704605102539062,-2.39804675,-0.18930999755859376
-2.393046875,-0.005844520568847656,-2.39304675,0.09465499877929688
-2.388046875,-0.0008704605102539062,-2.38804675,0.10960052490234376
-2.3830468750000002,0.00012435150146484375,-2.38304675,-0.16938262939453125
-2.378046875,0.00012435150146484375,-2.3780467499999998,-0.05480026245117188
-2.373046875,-0.0038548965454101563,-2.37304675,0.14945526123046876
-2.368046875,-0.0038548965454101563,-2.36804675,-0.08469131469726562
-2.363046875,-0.0028600845336914063,-2.36304675,-0.16440078735351563
-2.358046875,-0.008828956604003907,-2.3580467499999997,0.13949157714843752
-2.353046875,-0.0028600845336914063,-2.35304675,0.0199273681640625
-2.348046875,-0.004849708557128906,-2.34804675,-0.20923736572265625
-2.343046875,-0.005844520568847656,-2.34304675,0.06974578857421876
-2.338046875,-0.005844520568847656,-2.3380467499999997,0.10960052490234376
-2.333046875,-0.0008704605102539062,-2.33304675,-0.12454605102539062
-2.328046875,0.0031087875366210935,-2.32804675,0.00996368408203125
-2.323046875,0.00012435150146484375,-2.32304675,0.22916473388671876
-2.318046875,-0.0038548965454101563,-2.3180467499999997,0.05480026245117188
-2.313046875,-0.0028600845336914063,-2.31304675,-0.004981842041015625
-2.308046875,0.0021139755249023435,-2.30804675,0.2740013122558594
-2.303046875,-0.0008704605102539062,-2.30304675,0.04981842041015625
-2.2980468750000003,-0.006839332580566406,-2.29804675,-0.28396499633789063
-2.293046875,-0.0008704605102539062,-2.29304675,-0.0199273681640625
-2.288046875,0.007088035583496094,-2.28804675,0.00996368408203125
-2.283046875,-0.010818580627441406,-2.28304675,-0.2939286804199219
-2.2780468750000002,-0.005844520568847656,-2.27804675,-0.1594189453125
-2.273046875,-0.0018652725219726561,-2.27304675,0.06974578857421876
-2.268046875,-0.007834144592285156,-2.26804675,-0.14945526123046876
-2.263046875,-0.006839332580566406,-2.26304675,-0.22418289184570314
-2.2580468750000002,0.00012435150146484375,-2.25804675,0.10461868286132812
-2.253046875,-0.004849708557128906,-2.2530467499999998,-0.03487289428710938
-2.248046875,-0.008828956604003907,-2.24804675,-0.27898315429687504
-2.243046875,-0.0018652725219726561,-2.24304675,0.024909210205078126
-2.238046875,0.0031087875366210935,-2.23804675,0.0597821044921875
-2.233046875,-0.0008704605102539062,-2.2330467499999997,-0.22916473388671876
-2.228046875,-0.007834144592285156,-2.22804675,-0.09465499877929688
-2.223046875,-0.005844520568847656,-2.22304675,0.10461868286132812
-2.218046875,-0.006839332580566406,-2.21804675,-0.13450973510742187
-2.213046875,-0.008828956604003907,-2.2130467499999997,-0.20425552368164063
-2.208046875,-0.0018652725219726561,-2.20804675,0.119564208984375
-2.203046875,-0.006839332580566406,-2.20304675,0.0
-2.198046875,-0.004849708557128906,-2.19804675,-0.21421920776367187
-2.193046875,-0.007834144592285156,-2.1930467499999997,0.07472763061523438
-2.188046875,-0.004849708557128906,-2.18804675,0.08967315673828125
-2.183046875,-0.0038548965454101563,-2.18304675,-0.19429183959960938
-2.178046875,-0.0028600845336914063,-2.17804675,-0.08469131469726562
-2.1730468750000003,0.0031087875366210935,-2.17304675,0.14447341918945314
-2.168046875,-0.0008704605102539062,-2.16804675,-0.08967315673828125
-2.163046875,0.00012435150146484375,-2.16304675,-0.16938262939453125
-2.158046875,-0.006839332580566406,-2.15804675,0.13949157714843752
-2.1530468750000002,0.005098411560058594,-2.15304675,0.014945526123046875
-2.148046875,-0.004849708557128906,-2.14804675,-0.23414657592773438
-2.143046875,0.00012435150146484375,-2.14304675,0.06974578857421876
-2.138046875,-0.0038548965454101563,-2.13804675,0.08967315673828125
-2.1330468750000002,-0.004849708557128906,-2.13304675,-0.1793463134765625
-2.128046875,-0.005844520568847656,-2.1280467499999998,-0.04483657836914062
-2.123046875,-0.0038548965454101563,-2.12304675,0.15443710327148438
-2.118046875,0.0021139755249023435,-2.11804675,-0.08967315673828125
-2.113046875,-0.005844520568847656,-2.11304675,-0.14447341918945314
-2.108046875,0.0021139755249023435,-2.1080467499999997,0.16440078735351563
-2.103046875,-0.0028600845336914063,-2.10304675,0.04483657836914062
-2.098046875,-0.0008704605102539062,-2.09804675,-0.18432815551757814
-2.093046875,0.00012435150146484375,-2.09304675,0.10461868286132812
-2.088046875,-0.0018652725219726561,-2.0880467499999997,0.11458236694335938
-2.083046875,-0.006839332580566406,-2.08304675,-0.14945526123046876
-2.078046875,-0.0038548965454101563,-2.07804675,-0.03487289428710938
-2.073046875,-0.0028600845336914063,-2.07304675,0.16938262939453125
-2.068046875,-0.0008704605102539062,-2.0680467499999997,-0.06974578857421876
-2.063046875,0.0031087875366210935,-2.06304675,-0.119564208984375
-2.058046875,-0.004849708557128906,-2.05804675,0.1793463134765625
-2.053046875,-0.0028600845336914063,-2.05304675,0.04483657836914062
-2.048046875,-0.004849708557128906,-2.0480467499999997,-0.18432815551757814
-2.043046875,0.0031087875366210935,-2.04304675,0.0996368408203125
-2.038046875,0.0031087875366210935,-2.03804675,0.0996368408203125
-2.033046875,0.005098411560058594,-2.03304675,-0.1793463134765625
-2.0280468750000002,-0.004849708557128906,-2.02804675,-0.06476394653320312
-2.023046875,-0.0018652725219726561,-2.02304675,0.13450973510742187
-2.018046875,-0.005844520568847656,-2.01804675,-0.10461868286132812
-2.013046875,-0.0018652725219726561,-2.01304675,-0.1793463134765625
-2.0080468750000002,-0.0008704605102539062,-2.00804675,0.12952789306640625
-2.003046875,-0.008828956604003907,-2.0030467499999998,-0.004981842041015625
-1.998046875,0.00012435150146484375,-1.99804675,-0.23912841796875
-1.993046875,0.0021139755249023435,-1.9930467500000002,0.04981842041015625
-1.988046875,0.0011191635131835938,-1.98804675,0.0597821044921875
-1.983046875,-0.0028600845336914063,-1.9830467500000002,-0.23912841796875
-1.978046875,-0.0008704605102539062,-1.97804675,-0.10461868286132812
-1.973046875,-0.005844520568847656,-1.9730467500000002,0.08967315673828125
-1.968046875,-0.004849708557128906,-1.96804675,-0.13949157714843752
-1.963046875,0.0011191635131835938,-1.9630467500000002,-0.21421920776367187
-1.958046875,-0.0028600845336914063,-1.95804675,0.0996368408203125
-1.953046875,-0.0038548965454101563,-1.9530467500000002,-0.024909210205078126
-1.948046875,-0.004849708557128906,-1.94804675,-0.24909210205078125
-1.943046875,-0.007834144592285156,-1.9430467500000002,0.04981842041015625
-1.938046875,-0.0018652725219726561,-1.93804675,0.06974578857421876
-1.933046875,0.0021139755249023435,-1.9330467500000001,-0.21920104980468752
-1.928046875,-0.0028600845336914063,-1.92804675,-0.08469131469726562
-1.923046875,0.0041035995483398435,-1.9230467500000001,0.12454605102539062
-1.918046875,-0.0028600845336914063,-1.91804675,-0.12952789306640625
-1.913046875,0.00012435150146484375,-1.9130467500000001,-0.18432815551757814
-1.9080468750000001,-0.007834144592285156,-1.9080467500000002,0.12454605102539062
-1.903046875,-0.0028600845336914063,-1.9030467500000001,-0.004981842041015625
-1.8980468750000001,-0.0028600845336914063,-1.8980467500000002,-0.24909210205078125
-1.893046875,-0.006839332580566406,-1.8930467500000001,0.04981842041015625
-1.8880468750000001,-0.004849708557128906,-1.8880467500000002,0.06974578857421876
-1.883046875,-0.0008704605102539062,-1.88304675,-0.20923736572265625
-1.8780468750000001,-0.0038548965454101563,-1.8780467500000002,-0.08967315673828125
-1.873046875,-0.0018652725219726561,-1.87304675,0.12952789306640625
-1.868046875,-0.007834144592285156,-1.8680467500000002,-0.119564208984375
-1.863046875,0.0011191635131835938,-1.86304675,-0.16938262939453125
-1.858046875,-0.0028600845336914063,-1.8580467500000002,0.13949157714843752
-1.853046875,-0.0008704605102539062,-1.85304675,-0.004981842041015625
-1.848046875,-0.009823768615722655,-1.8480467500000002,-0.23414657592773438
-1.843046875,-0.009823768615722655,-1.84304675,0.05480026245117188
-1.838046875,-0.006839332580566406,-1.8380467500000002,0.08469131469726562
-1.833046875,0.0031087875366210935,-1.83304675,-0.20923736572265625
-1.828046875,0.00012435150146484375,-1.8280467500000002,-0.08469131469726562
-1.823046875,0.0021139755249023435,-1.82304675,0.12952789306640625
-1.818046875,-0.0028600845336914063,-1.8180467500000002,-0.10960052490234376
-1.813046875,-0.0008704605102539062,-1.81304675,-0.17436447143554687
-1.808046875,-0.0038548965454101563,-1.8080467500000001,0.13450973510742187
-1.803046875,0.00012435150146484375,-1.80304675,0.0
-1.798046875,0.0031087875366210935,-1.7980467500000001,-0.21421920776367187
-1.793046875,0.00012435150146484375,-1.79304675,0.07970947265625
-1.788046875,-0.009823768615722655,-1.7880467500000001,0.08967315673828125
-1.7830468750000001,-0.006839332580566406,-1.7830467500000002,-0.20425552368164063
-1.778046875,-0.0028600845336914063,-1.7780467500000001,-0.07472763061523438
-1.7730468750000001,0.005098411560058594,-1.7730467500000002,0.13949157714843752
-1.768046875,0.0041035995483398435,-1.7680467500000001,-0.0996368408203125
-1.7630468750000001,-0.0028600845336914063,-1.7630467500000002,-0.16440078735351563
-1.758046875,0.005098411560058594,-1.75804675,0.13949157714843752
-1.7530468750000001,0.0031087875366210935,-1.7530467500000002,0.00996368408203125
-1.748046875,-0.0008704605102539062,-1.74804675,-0.22418289184570314
-1.743046875,-0.0008704605102539062,-1.7430467500000002,0.06476394653320312
-1.738046875,0.00012435150146484375,-1.73804675,0.08967315673828125
-1.733046875,-0.0008704605102539062,-1.7330467500000002,-0.18432815551757814
-1.728046875,-0.0038548965454101563,-1.72804675,-0.05480026245117188
-1.723046875,0.0021139755249023435,-1.7230467500000002,0.14945526123046876
-1.718046875,0.00012435150146484375,-1.71804675,-0.0996368408203125
-1.713046875,-0.0038548965454101563,-1.7130467500000002,-0.16440078735351563
-1.708046875,-0.0028600845336914063,-1.70804675,0.13949157714843752
-1.703046875,-0.0018652725219726561,-1.7030467500000002,0.004981842041015625
-1.698046875,-0.0008704605102539062,-1.69804675,-0.199273681640625
-1.693046875,-0.0018652725219726561,-1.6930467500000002,0.08967315673828125
-1.688046875,0.0031087875366210935,-1.68804675,0.10461868286132812
-1.683046875,-0.007834144592285156,-1.6830467500000001,-0.18930999755859376
-1.678046875,-0.0038548965454101563,-1.67804675,-0.06476394653320312
-1.673046875,-0.005844520568847656,-1.6730467500000001,0.12454605102539062
-1.668046875,0.00012435150146484375,-1.66804675,-0.09465499877929688
-1.663046875,0.0011191635131835938,-1.6630467500000001,-0.15443710327148438
-1.6580468750000001,-0.0008704605102539062,-1.6580467500000002,0.14945526123046876
-1.653046875,-0.0008704605102539062,-1.6530467500000001,-0.00996368408203125
-1.6480468750000001,0.006093223571777343,-1.6480467500000002,-0.24909210205078125
-1.643046875,-0.0008704605102539062,-1.6430467500000001,0.05480026245117188
-1.6380468750000001,-0.005844520568847656,-1.6380467500000002,0.0597821044921875
-1.633046875,0.0021139755249023435,-1.63304675,-0.21421920776367187
-1.6280468750000001,-0.009823768615722655,-1.6280467500000002,-0.08469131469726562
-1.623046875,0.0021139755249023435,-1.62304675,0.119564208984375
-1.618046875,-0.005844520568847656,-1.6180467500000002,-0.12952789306640625
-1.613046875,-0.0008704605102539062,-1.61304675,-0.18930999755859376
-1.608046875,-0.0038548965454101563,-1.6080467500000002,0.12952789306640625
-1.603046875,-0.0018652725219726561,-1.60304675,-0.004981842041015625
-1.598046875,-0.0008704605102539062,-1.5980467500000002,-0.22418289184570314
-1.593046875,-0.005844520568847656,-1.59304675,0.07472763061523438
-1.588046875,-0.0038548965454101563,-1.5880467500000002,0.08469131469726562
-1.583046875,-0.005844520568847656,-1.58304675,-0.20923736572265625
-1.578046875,-0.010818580627441406,-1.5780467500000002,-0.08469131469726562
-1.573046875,0.0031087875366210935,-1.57304675,0.12454605102539062
-1.568046875,0.0041035995483398435,-1.5680467500000002,-0.10960052490234376
-1.563046875,-0.006839332580566406,-1.56304675,-0.1594189453125
-1.558046875,-0.0028600845336914063,-1.5580467500000001,0.13949157714843752
-1.553046875,-0.0008704605102539062,-1.55304675,0.004981842041015625
-1.548046875,-0.0028600845336914063,-1.5480467500000001,-0.23414657592773438
-1.543046875,-0.0038548965454101563,-1.54304675,0.05480026245117188
-1.538046875,0.0011191635131835938,-1.5380467500000001,0.07472763061523438
-1.5330468750000001,-0.0008704605102539062,-1.5330467500000002,-0.20425552368164063
-1.528046875,0.00012435150146484375,-1.5280467500000001,-0.08469131469726562
-1.5230468750000001,0.005098411560058594,-1.5230467500000002,0.12952789306640625
-1.518046875,-0.0008704605102539062,-1.5180467500000001,-0.09465499877929688
-1.5130468750000001,0.0021139755249023435,-1.5130467500000002,-0.12952789306640625
-1.508046875,-0.012808204650878906,-1.50804675,0.17436447143554687
-1.5030468750000001,-0.0038548965454101563,-1.5030467500000002,0.12454605102539062
-1.498046875,0.0031087875366210935,-1.49804675,-0.004981842041015625
-1.493046875,-0.005844520568847656,-1.4930467500000002,0.2590557861328125
-1.488046875,0.0021139755249023435,-1.48804675,0.199273681640625
-1.483046875,0.0031087875366210935,-1.4830467500000002,-0.20425552368164063
-1.478046875,-0.005844520568847656,-1.47804675,-0.10960052490234376
-1.473046875,0.0011191635131835938,-1.4730467500000002,0.05480026245117188
-1.468046875,0.0021139755249023435,-1.46804675,-0.18432815551757814
-1.463046875,0.0011191635131835938,-1.4630467500000002,-0.23414657592773438
-1.458046875,0.005098411560058594,-1.45804675,0.08967315673828125
-1.453046875,0.0041035995483398435,-1.4530467500000002,-0.07472763061523438
-1.448046875,-0.008828956604003907,-1.44804675,-0.27898315429687504
-1.443046875,-0.004849708557128906,-1.4430467500000002,0.024909210205078126
-1.438046875,-0.0028600845336914063,-1.43804675,0.0597821044921875
-1.433046875,-0.0018652725219726561,-1.4330467500000001,-0.21920104980468752
-1.428046875,0.00012435150146484375,-1.42804675,-0.08967315673828125
-1.423046875,-0.007834144592285156,-1.4230467500000001,0.11458236694335938
-1.418046875,-0.0038548965454101563,-1.41804675,-0.13949157714843752
-1.413046875,0.0021139755249023435,-1.4130467500000001,-0.18432815551757814
-1.408046875,0.0021139755249023435,-1.40804675,0.11458236694335938
-1.403046875,-0.005844520568847656,-1.4030467500000001,-0.014945526123046875
-1.3980468750000001,0.00012435150146484375,-1.3980467500000002,-0.22418289184570314
-1.393046875,-0.006839332580566406,-1.3930467500000001,0.07472763061523438
-1.3880468750000001,-0.004849708557128906,-1.3880467500000002,0.08469131469726562
-1.383046875,-0.006839332580566406,-1.38304675,-0.20923736572265625
-1.3780468750000001,-0.0038548965454101563,-1.3780467500000002,-0.06476394653320312
-1.373046875,0.0031087875366210935,-1.37304675,0.119564208984375
-1.368046875,-0.0008704605102539062,-1.3680467500000002,-0.119564208984375
-1.363046875,-0.0028600845336914063,-1.36304675,-0.16440078735351563
-1.358046875,-0.0038548965454101563,-1.3580467500000002,0.13450973510742187
-1.353046875,-0.005844520568847656,-1.35304675,-0.004981842041015625
-1.348046875,-0.006839332580566406,-1.3480467500000002,-0.21421920776367187
-1.343046875,-0.004849708557128906,-1.34304675,0.08469131469726562
-1.338046875,0.005098411560058594,-1.3380467500000002,0.08967315673828125
-1.333046875,-0.005844520568847656,-1.33304675,-0.199273681640625
-1.328046875,-0.0028600845336914063,-1.3280467500000002,-0.039854736328125
-1.323046875,-0.007834144592285156,-1.32304675,0.13450973510742187
-1.318046875,0.00012435150146484375,-1.3180467500000002,-0.09465499877929688
-1.313046875,-0.0018652725219726561,-1.31304675,-0.14447341918945314
-1.308046875,0.00012435150146484375,-1.3080467500000001,0.14945526123046876
-1.303046875,0.0021139755249023435,-1.30304675,0.014945526123046875
-1.298046875,-0.0038548965454101563,-1.2980467500000001,-0.199273681640625
-1.293046875,0.0031087875366210935,-1.29304675,0.10960052490234376
-1.288046875,-0.005844520568847656,-1.2880467500000001,0.10461868286132812
-1.283046875,-0.006839332580566406,-1.28304675,-0.18432815551757814
-1.278046875,-0.005844520568847656,-1.2780467500000001,-0.03487289428710938
-1.2730468750000001,0.00012435150146484375,-1.2730467500000002,0.14945526123046876
-1.268046875,-0.004849708557128906,-1.2680467500000001,-0.08967315673828125
-1.2630468750000001,-0.004849708557128906,-1.2630467500000002,-0.119564208984375
-1.258046875,-0.008828956604003907,-1.25804675,0.17436447143554687
-1.2530468750000001,-0.0008704605102539062,-1.2530467500000002,0.02989105224609375
-1.248046875,-0.0038548965454101563,-1.24804675,-0.1793463134765625
-1.243046875,-0.0038548965454101563,-1.2430467500000002,0.119564208984375
-1.238046875,0.0021139755249023435,-1.23804675,0.10461868286132812
-1.233046875,-0.0038548965454101563,-1.2330467500000002,-0.16440078735351563
-1.228046875,-0.008828956604003907,-1.22804675,-0.0199273681640625
-1.223046875,-0.008828956604003907,-1.2230467500000002,0.14447341918945314
-1.218046875,-0.004849708557128906,-1.21804675,-0.09465499877929688
-1.213046875,0.0041035995483398435,-1.2130467500000002,-0.14945526123046876
-1.208046875,-0.0018652725219726561,-1.20804675,0.13450973510742187
-1.203046875,-0.0008704605102539062,-1.2030467500000002,0.0
-1.198046875,-0.008828956604003907,-1.19804675,-0.21421920776367187
-1.193046875,-0.0038548965454101563,-1.1930467500000002,0.06974578857421876
-1.188046875,0.0021139755249023435,-1.18804675,0.06974578857421876
-1.183046875,-0.0008704605102539062,-1.1830467500000001,-0.22916473388671876
-1.178046875,0.0021139755249023435,-1.17804675,-0.08967315673828125
-1.173046875,-0.0028600845336914063,-1.1730467500000001,0.08967315673828125
-1.168046875,0.0031087875366210935,-1.16804675,-0.16938262939453125
-1.163046875,-0.006839332580566406,-1.1630467500000001,-0.21920104980468752
-1.158046875,-0.004849708557128906,-1.15804675,0.09465499877929688
-1.153046875,0.0031087875366210935,-1.1530467500000001,-0.0597821044921875
-1.1480468750000001,-0.0008704605102539062,-1.1480467500000002,-0.28396499633789063
-1.143046875,-0.0028600845336914063,-1.1430467500000001,0.03487289428710938
-1.1380468750000001,0.00012435150146484375,-1.1380467500000002,0.039854736328125
-1.133046875,-0.0018652725219726561,-1.13304675,-0.23912841796875
-1.1280468750000001,0.00012435150146484375,-1.1280467500000002,-0.08469131469726562
-1.123046875,-0.007834144592285156,-1.12304675,0.10461868286132812
-1.118046875,0.0021139755249023435,-1.1180467500000002,-0.14447341918945314
-1.113046875,0.0031087875366210935,-1.11304675,-0.1793463134765625
-1.108046875,-0.005844520568847656,-1.1080467500000002,0.11458236694335938
-1.103046875,0.00012435150146484375,-1.10304675,-0.02989105224609375
-1.098046875,-0.0018652725219726561,-1.0980467500000002,-0.23912841796875
-1.093046875,-0.005844520568847656,-1.09304675,0.06476394653320312
-1.088046875,-0.0028600845336914063,-1.0880467500000002,0.0597821044921875
-1.083046875,0.00012435150146484375,-1.08304675,-0.21421920776367187
-1.078046875,0.0041035995483398435,-1.0780467500000002,-0.06476394653320312
-1.073046875,-0.005844520568847656,-1.07304675,0.119564208984375
-1.068046875,0.0031087875366210935,-1.0680467500000002,-0.119564208984375
-1.063046875,-0.0018652725219726561,-1.06304675,-0.16440078735351563
-1.058046875,-0.009823768615722655,-1.0580467500000001,0.14447341918945314
-1.053046875,-0.0028600845336914063,-1.05304675,0.0
-1.048046875,-0.004849708557128906,-1.0480467500000001,-0.22418289184570314
-1.043046875,-0.004849708557128906,-1.04304675,0.07970947265625
-1.038046875,0.0011191635131835938,-1.0380467500000001,0.06476394653320312
-1.033046875,-0.007834144592285156,-1.03304675,-0.22418289184570314
-1.028046875,0.005098411560058594,-1.0280467500000001,-0.05480026245117188
-1.023046875,0.0011191635131835938,-1.02304675,0.12454605102539062
-1.018046875,-0.0018652725219726561,-1.0180467500000001,-0.119564208984375
-1.0130468750000001,-0.0018652725219726561,-1.0130467500000002,-0.17436447143554687
-1.008046875,0.0021139755249023435,-1.00804675,0.13450973510742187
-1.0030468750000001,0.00012435150146484375,-1.0030467500000002,-0.00996368408203125
-0.998046875,-0.0018652725219726561,-0.99804675,-0.21421920776367187
-0.993046875,-0.0018652725219726561,-0.99304675,0.09465499877929688
-0.988046875,-0.0018652725219726561,-0.98804675,0.07472763061523438
-0.983046875,0.00012435150146484375,-0.98304675,-0.21920104980468752
-0.978046875,0.0031087875366210935,-0.97804675,-0.06476394653320312
-0.973046875,-0.004849708557128906,-0.97304675,0.11458236694335938
-0.968046875,-0.0018652725219726561,-0.96804675,-0.13450973510742187
-0.963046875,0.0031087875366210935,-0.96304675,-0.16938262939453125
-0.958046875,-0.013803016662597655,-0.95804675,0.12952789306640625
-0.9530468750000001,-0.0028600845336914063,-0.95304675,-0.014945526123046875
-0.9480468750000001,-0.0008704605102539062,-0.94804675,-0.23414657592773438
-0.9430468750000001,-0.006839332580566406,-0.94304675,0.07970947265625
-0.9380468750000001,-0.004849708557128906,-0.93804675,0.06476394653320312
-0.933046875,-0.006839332580566406,-0.93304675,-0.20923736572265625
-0.928046875,-0.0038548965454101563,-0.92804675,-0.0597821044921875
-0.923046875,-0.0038548965454101563,-0.92304675,0.12952789306640625
-0.918046875,-0.0028600845336914063,-0.91804675,-0.10960052490234376
-0.913046875,0.0021139755249023435,-0.91304675,-0.14945526123046876
-0.908046875,-0.0018652725219726561,-0.90804675,0.13949157714843752
-0.903046875,0.00012435150146484375,-0.90304675,-0.014945526123046875
-0.898046875,-0.0038548965454101563,-0.89804675,-0.22418289184570314
-0.893046875,0.0031087875366210935,-0.89304675,0.08469131469726562
-0.888046875,-0.004849708557128906,-0.88804675,0.07472763061523438
-0.883046875,-0.0018652725219726561,-0.88304675,-0.22916473388671876
-0.878046875,-0.0008704605102539062,-0.87804675,-0.08469131469726562
-0.873046875,-0.0028600845336914063,-0.87304675,0.11458236694335938
-0.868046875,-0.0008704605102539062,-0.86804675,-0.119564208984375
-0.863046875,-0.0028600845336914063,-0.86304675,-0.1594189453125
-0.858046875,-0.005844520568847656,-0.85804675,0.1594189453125
-0.853046875,0.007088035583496094,-0.85304675,0.0
-0.848046875,0.0021139755249023435,-0.84804675,-0.21421920776367187
-0.843046875,-0.009823768615722655,-0.84304675,0.08967315673828125
-0.838046875,0.006093223571777343,-0.83804675,0.07970947265625
-0.833046875,0.00012435150146484375,-0.83304675,-0.199273681640625
-0.8280468750000001,0.0041035995483398435,-0.82804675,-0.039854736328125
-0.8230468750000001,-0.0028600845336914063,-0.82304675,0.12952789306640625
-0.8180468750000001,-0.0028600845336914063,-0.81804675,-0.12454605102539062
-0.8130468750000001,-0.0028600845336914063,-0.81304675,-0.15443710327148438
-0.808046875,-0.0008704605102539062,-0.80804675,0.14447341918945314
-0.803046875,-0.0008704605102539062,-0.80304675,-0.004981842041015625
-0.798046875,-0.0018652725219726561,-0.79804675,-0.20923736572265625
-0.793046875,-0.008828956604003907,-0.79304675,0.08967315673828125
-0.788046875,0.0021139755249023435,-0.78804675,0.08469131469726562
-0.783046875,0.00012435150146484375,-0.78304675,-0.21421920776367187
-0.778046875,-0.0038548965454101563,-0.77804675,-0.07970947265625
-0.773046875,-0.012808204650878906,-0.77304675,0.10960052490234376
-0.768046875,0.00012435150146484375,-0.76804675,-0.13949157714843752
-0.763046875,-0.008828956604003907,-0.76304675,-0.1793463134765625
-0.758046875,-0.005844520568847656,-0.75804675,0.13450973510742187
-0.753046875,-0.0018652725219726561,-0.75304675,-0.02989105224609375
-0.748046875,-0.005844520568847656,-0.74804675,-0.2540739440917969
-0.743046875,-0.0008704605102539062,-0.74304675,0.04981842041015625
-0.738046875,-0.005844520568847656,-0.73804675,0.04483657836914062
-0.733046875,-0.010818580627441406,-0.73304675,-0.23912841796875
-0.728046875,-0.0028600845336914063,-0.72804675,-0.07472763061523438
-0.723046875,0.00012435150146484375,-0.72304675,0.12454605102539062
-0.718046875,-0.0008704605102539062,-0.71804675,-0.13450973510742187
-0.713046875,-0.0018652725219726561,-0.71304675,-0.17436447143554687
-0.708046875,0.0021139755249023435,-0.70804675,0.12952789306640625
-0.703046875,0.00012435150146484375,-0.7030467499999999,-0.02989105224609375
-0.6980468750000001,0.0041035995483398435,-0.69804675,-0.22418289184570314
-0.6930468750000001,-0.0008704605102539062,-0.69304675,0.08469131469726562
-0.6880468750000001,-0.0028600845336914063,-0.68804675,0.06476394653320312
-0.683046875,-0.0018652725219726561,-0.68304675,-0.22418289184570314
-0.678046875,0.0021139755249023435,-0.67804675,-0.07472763061523438
-0.673046875,-0.0008704605102539062,-0.67304675,0.119564208984375
-0.668046875,0.00012435150146484375,-0.66804675,-0.12952789306640625
-0.663046875,-0.005844520568847656,-0.66304675,-0.15443710327148438
-0.658046875,-0.0008704605102539062,-0.65804675,0.15443710327148438
-0.653046875,-0.0018652725219726561,-0.65304675,0.00996368408203125
-0.648046875,-0.008828956604003907,-0.64804675,-0.199273681640625
-0.643046875,-0.0028600845336914063,-0.64304675,0.10461868286132812
-0.638046875,-0.005844520568847656,-0.63804675,0.10960052490234376
-0.633046875,0.005098411560058594,-0.63304675,-0.12952789306640625
-0.628046875,-0.006839332580566406,-0.62804675,0.039854736328125
-0.623046875,0.0021139755249023435,-0.62304675,0.22418289184570314
-0.618046875,-0.008828956604003907,-0.61804675,0.02989105224609375
-0.613046875,-0.006839332580566406,-0.61304675,0.014945526123046875
-0.608046875,-0.0038548965454101563,-0.60804675,0.26403762817382814
-0.603046875,-0.0038548965454101563,-0.60304675,0.00996368408203125
-0.598046875,0.007088035583496094,-0.59804675,-0.26403762817382814
-0.593046875,-0.0028600845336914063,-0.59304675,0.024909210205078126
-0.588046875,0.0021139755249023435,-0.58804675,0.004981842041015625
-0.583046875,0.00012435150146484375,-0.58304675,-0.28396499633789063
-0.578046875,-0.006839332580566406,-0.5780467499999999,-0.0996368408203125
-0.5730468750000001,-0.0038548965454101563,-0.57304675,0.07970947265625
-0.5680468750000001,-0.007834144592285156,-0.56804675,-0.18432815551757814
-0.5630468750000001,-0.0008704605102539062,-0.56304675,-0.20425552368164063
-0.558046875,-0.007834144592285156,-0.55804675,0.0996368408203125
-0.553046875,-0.004849708557128906,-0.55304675,-0.05480026245117188
-0.548046875,-0.0038548965454101563,-0.54804675,-0.24411026000976563
-0.543046875,-0.004849708557128906,-0.54304675,0.06974578857421876
-0.538046875,-0.0018652725219726561,-0.53804675,0.05480026245117188
-0.533046875,0.00012435150146484375,-0.53304675,-0.23414657592773438
-0.528046875,-0.0018652725219726561,-0.52804675,-0.0597821044921875
-0.523046875,0.00012435150146484375,-0.52304675,0.12952789306640625
-0.518046875,-0.0028600845336914063,-0.51804675,-0.12952789306640625
-0.513046875,-0.006839332580566406,-0.51304675,-0.16938262939453125
-0.508046875,-0.004849708557128906,-0.50804675,0.13949157714843752
-0.503046875,-0.009823768615722655,-0.50304675,-0.014945526123046875
-0.498046875,-0.0028600845336914063,-0.49804675,-0.20923736572265625
-0.493046875,-0.0028600845336914063,-0.49304675,0.0996368408203125
-0.488046875,0.005098411560058594,-0.48804675,0.06476394653320312
-0.483046875,-0.0018652725219726561,-0.48304674999999997,-0.21421920776367187
-0.478046875,0.0011191635131835938,-0.47804674999999996,-0.04483657836914062
-0.47304687500000003,-0.004849708557128906,-0.47304675,0.11458236694335938
-0.46804687500000003,0.0011191635131835938,-0.46804675,-0.12454605102539062
-0.463046875,-0.004849708557128906,-0.46304675,-0.13949157714843752
-0.458046875,-0.0008704605102539062,-0.45804675,0.15443710327148438
-0.453046875,0.0021139755249023435,-0.45304675,0.004981842041015625
-0.448046875,-0.0008704605102539062,-0.44804675,-0.20425552368164063
-0.443046875,-0.0038548965454101563,-0.44304675,0.0996368408203125
-0.438046875,-0.0028600845336914063,-0.43804675,0.07970947265625
-0.433046875,0.00012435150146484375,-0.43304675,-0.19429183959960938
-0.428046875,-0.0028600845336914063,-0.42804675,-0.0199273681640625
-0.423046875,-0.006839332580566406,-0.42304674999999997,0.14447341918945314
-0.418046875,-0.0038548965454101563,-0.41804674999999997,-0.11458236694335938
-0.41304687500000004,-0.006839332580566406,-0.41304675,-0.13450973510742187
-0.40804687500000003,-0.012808204650878906,-0.40804675,0.14945526123046876
-0.403046875,0.0011191635131835938,-0.40304675,0.004981842041015625
-0.398046875,-0.0028600845336914063,-0.39804675,-0.1793463134765625
-0.393046875,-0.004849708557128906,-0.39304675,0.12952789306640625
-0.388046875,0.0041035995483398435,-0.38804675,0.0996368408203125
-0.383046875,-0.0028600845336914063,-0.38304675,-0.17436447143554687
-0.378046875,-0.004849708557128906,-0.37804675,-0.00996368408203125
-0.373046875,0.0031087875366210935,-0.37304675,0.14945526123046876
-0.368046875,0.00012435150146484375,-0.36804675,-0.0996368408203125
-0.363046875,0.0011191635131835938,-0.36304675,-0.10461868286132812
-0.358046875,-0.0018652725219726561,-0.35804674999999997,0.16938262939453125
-0.353046875,0.00012435150146484375,-0.35304674999999996,0.00996368408203125
-0.34804687500000003,0.0021139755249023435,-0.34804675,-0.18432815551757814
-0.34304687500000003,-0.0018652725219726561,-0.34304675,0.10461868286132812
-0.338046875,-0.004849708557128906,-0.33804675,0.07970947265625
-0.333046875,-0.0008704605102539062,-0.33304675,-0.18432815551757814
-0.328046875,-0.004849708557128906,-0.32804675,-0.0199273681640625
-0.323046875,-0.004849708557128906,-0.32304675,0.13949157714843752
-0.318046875,-0.004849708557128906,-0.31804675,-0.12952789306640625
-0.313046875,0.0031087875366210935,-0.31304675,-0.16440078735351563
-0.308046875,-0.0018652725219726561,-0.30804675,0.12454605102539062
-0.303046875,-0.0018652725219726561,-0.30304675,-0.06974578857421876
-0.298046875,0.00012435150146484375,-0.29804674999999997,-0.2540739440917969
-0.293046875,0.0021139755249023435,-0.29304674999999997,0.06476394653320312
-0.288046875,-0.0028600845336914063,-0.28804674999999996,0.03487289428710938
-0.28304687500000003,0.0011191635131835938,-0.28304675,-0.2590557861328125
-0.278046875,-0.004849708557128906,-0.27804675,-0.08967315673828125
-0.273046875,-0.005844520568847656,-0.27304675,0.06476394653320312
-0.268046875,0.0011191635131835938,-0.26804675,-0.18432815551757814
-0.263046875,-0.0008704605102539062,-0.26304675,-0.19429183959960938
-0.258046875,-0.0018652725219726561,-0.25804675,0.11458236694335938
-0.253046875,-0.0038548965454101563,-0.25304675,-0.04483657836914062
-0.248046875,-0.0018652725219726561,-0.24804675,-0.24909210205078125
-0.243046875,-0.005844520568847656,-0.24304675,0.06476394653320312
-0.238046875,0.0021139755249023435,-0.23804675,0.04483657836914062
-0.23304687500000001,-0.006839332580566406,-0.23304675000000002,-0.2540739440917969
-0.228046875,0.0041035995483398435,-0.22804675000000002,-0.07472763061523438
-0.223046875,0.0041035995483398435,-0.22304675000000002,0.0996368408203125
-0.218046875,0.00012435150146484375,-0.21804675,-0.14945526123046876
-0.213046875,-0.0018652725219726561,-0.21304675,-0.15443710327148438
-0.208046875,0.0041035995483398435,-0.20804675,0.13450973510742187
-0.20304687500000002,0.00012435150146484375,-0.20304675000000003,-0.03487289428710938
-0.198046875,0.0041035995483398435,-0.19804675000000002,-0.22916473388671876
-0.193046875,0.0021139755249023435,-0.19304675000000002,0.08469131469726562
-0.188046875,0.0031087875366210935,-0.18804675,0.06476394653320312
-0.183046875,-0.008828956604003907,-0.18304675,-0.22916473388671876
-0.178046875,0.0011191635131835938,-0.17804675,-0.04483657836914062
-0.17304687500000002,0.0021139755249023435,-0.17304675000000003,0.11458236694335938
-0.168046875,0.0031087875366210935,-0.16804675000000002,-0.13450973510742187
-0.163046875,-0.005844520568847656,-0.16304675000000002,-0.14945526123046876
-0.158046875,-0.0018652725219726561,-0.15804675,0.13949157714843752
-0.153046875,0.0011191635131835938,-0.15304675,-0.039854736328125
-0.148046875,0.00012435150146484375,-0.14804675,-0.22418289184570314
-0.143046875,0.00012435150146484375,-0.14304675,0.07970947265625
-0.138046875,-0.006839332580566406,-0.13804675000000002,0.0597821044921875
-0.133046875,0.0011191635131835938,-0.13304675000000002,-0.20923736572265625
-0.128046875,-0.0038548965454101563,-0.12804675000000001,-0.03487289428710938
-0.123046875,-0.0018652725219726561,-0.12304675,0.13450973510742187
-0.118046875,-0.0038548965454101563,-0.11804674999999999,-0.13450973510742187
-0.113046875,0.00012435150146484375,-0.11304675,-0.15443710327148438
-0.108046875,-0.0018652725219726561,-0.10804675,0.13450973510742187
-0.103046875,-0.0028600845336914063,-0.10304674999999999,-0.0199273681640625
-0.098046875,0.008082847595214843,-0.09804675,-0.21920104980468752
-0.093046875,0.0041035995483398435,-0.09304675,0.08469131469726562
-0.088046875,0.0031087875366210935,-0.08804675,0.06476394653320312
-0.083046875,-0.004849708557128906,-0.08304675,-0.23414657592773438
-0.078046875,-0.005844520568847656,-0.07804675,-0.04483657836914062
-0.073046875,-0.0028600845336914063,-0.07304675,0.10960052490234376
-0.068046875,0.0031087875366210935,-0.06804675,-0.14447341918945314
-0.063046875,0.0011191635131835938,-0.06304675,-0.15443710327148438
-0.058046875,-0.0028600845336914063,-0.05804675,0.14945526123046876
-0.053046875,-0.005844520568847656,-0.053046750000000004,-0.024909210205078126
-0.048046875,-0.0028600845336914063,-0.048046750000000006,-0.21421920776367187
-0.043046875,0.006093223571777343,-0.04304675,0.09465499877929688
-0.038046875,-0.0008704605102539062,-0.038046750000000004,0.05480026245117188
-0.033046875,-0.005844520568847656,-0.03304675000000001,-0.22418289184570314
-0.028046875,-0.0008704605102539062,-0.02804675,-0.02989105224609375
-0.023046875,-0.005844520568847656,-0.02304675,0.12454605102539062
-0.018046875,0.00012435150146484375,-0.01804675,-0.13949157714843752
-0.013046875,-0.0008704605102539062,-0.01304675,-0.1594189453125
-0.008046875,0.0031087875366210935,-0.00804675,0.13949157714843752
-0.003046875,-0.004849708557128906,-0.00304675,-0.0199273681640625
0.001953125,0.0031087875366210935,0.00195325,-0.20923736572265625
0.006953125,-0.0018652725219726561,0.00695325,0.0996368408203125
0.011953125,-0.0028600845336914063,0.01195325,0.07970947265625
0.016953125,-0.0008704605102539062,0.01695325,-0.20923736572265625
0.021953125,0.00012435150146484375,0.02195325,-0.02989105224609375
0.026953125,-0.0038548965454101563,0.02695325,0.119564208984375
0.031953125,-0.005844520568847656,0.031953249999999996,-0.14447341918945314
0.036953125,-0.0028600845336914063,0.03695325,-0.14447341918945314
0.041953125,-0.006839332580566406,0.04195325,0.13949157714843752
0.046953125,0.0011191635131835938,0.046953249999999995,-0.0199273681640625
0.051953125,0.00012435150146484375,0.05195325,-0.22916473388671876
0.056953125,-0.0008704605102539062,0.05695325,0.09465499877929688
0.061953125000000005,-0.0018652725219726561,0.06195325,0.07472763061523438
0.066953125,0.00012435150146484375,0.06695325,-0.199273681640625
0.071953125,0.0021139755249023435,0.07195325000000001,-0.004981842041015625
0.076953125,-0.004849708557128906,0.07695325,0.14447341918945314
0.081953125,-0.0018652725219726561,0.08195325,-0.11458236694335938
0.086953125,-0.0008704605102539062,0.08695325000000001,-0.11458236694335938
0.091953125,0.005098411560058594,0.09195325,0.16440078735351563
0.096953125,0.00012435150146484375,0.09695325,-0.0199273681640625
0.101953125,-0.0038548965454101563,0.10195325000000001,-0.21421920776367187
0.106953125,-0.007834144592285156,0.10695325,0.10461868286132812
0.111953125,-0.0008704605102539062,0.11195325,0.06476394653320312
0.116953125,-0.006839332580566406,0.11695325000000001,-0.22916473388671876
0.12195312500000001,0.00012435150146484375,0.12195325000000001,-0.04981842041015625
0.126953125,-0.0038548965454101563,0.12695325,0.0996368408203125
0.131953125,-0.0018652725219726561,0.13195325,-0.15443710327148438
0.136953125,0.006093223571777343,0.13695325,-0.1594189453125
0.141953125,0.0011191635131835938,0.14195325,0.13949157714843752
0.146953125,-0.005844520568847656,0.14695324999999998,-0.024909210205078126
0.151953125,-0.008828956604003907,0.15195324999999998,-0.22418289184570314
0.156953125,-0.011813392639160156,0.15695325,0.09465499877929688
0.161953125,-0.008828956604003907,0.16195325,0.04483657836914062
0.166953125,-0.006839332580566406,0.16695325,-0.24909210205078125
0.171953125,-0.010818580627441406,0.17195325,-0.04981842041015625
0.17695312500000002,0.0011191635131835938,0.17695325,0.10461868286132812
0.181953125,0.0021139755249023435,0.18195324999999998,-0.16440078735351563
0.186953125,-0.0018652725219726561,0.18695325,-0.16938262939453125
0.191953125,-0.006839332580566406,0.19195325,0.12952789306640625
0.196953125,-0.005844520568847656,0.19695325,-0.04483657836914062
0.201953125,-0.0008704605102539062,0.20195325,-0.22916473388671876
0.20695312500000002,0.0021139755249023435,0.20695325,0.09465499877929688
0.211953125,-0.006839332580566406,0.21195324999999998,0.07472763061523438
0.216953125,0.00012435150146484375,0.21695325,-0.20425552368164063
0.221953125,-0.005844520568847656,0.22195325,-0.02989105224609375
0.226953125,-0.0018652725219726561,0.22695325,0.119564208984375
0.231953125,-0.0038548965454101563,0.23195325,-0.14945526123046876
0.23695312500000001,-0.0018652725219726561,0.23695325,-0.14945526123046876
0.24195312500000002,-0.0038548965454101563,0.24195325,0.12952789306640625
0.246953125,-0.0008704605102539062,0.24695324999999999,-0.03487289428710938
0.251953125,-0.0028600845336914063,0.25195325,-0.21920104980468752
0.256953125,0.00012435150146484375,0.25695325,0.09465499877929688
0.261953125,-0.0028600845336914063,0.26195325,0.08967315673828125
0.266953125,-0.005844520568847656,0.26695325000000003,-0.13949157714843752
0.271953125,0.0021139755249023435,0.27195325000000004,0.0597821044921875
0.276953125,0.0011191635131835938,0.27695325000000004,0.24411026000976563
0.281953125,0.0011191635131835938,0.28195325000000004,0.05480026245117188
0.28695312500000003,-0.006839332580566406,0.28695325000000005,0.0597821044921875
0.291953125,0.00012435150146484375,0.29195325,0.28396499633789063
0.296953125,-0.0028600845336914063,0.29695325,-0.004981842041015625
0.301953125,-0.008828956604003907,0.30195325,-0.27898315429687504
0.306953125,0.0011191635131835938,0.30695325,0.0199273681640625
0.311953125,-0.007834144592285156,0.31195325,-0.0199273681640625
0.316953125,0.00012435150146484375,0.31695325,-0.30887420654296877
0.321953125,0.0031087875366210935,0.32195325,-0.09465499877929688
0.326953125,0.0021139755249023435,0.32695325000000003,0.06476394653320312
0.331953125,0.0021139755249023435,0.33195325000000003,-0.17436447143554687
0.336953125,-0.0008704605102539062,0.33695325000000004,-0.17436447143554687
0.341953125,-0.0018652725219726561,0.34195325000000004,0.119564208984375
0.34695312500000003,-0.0008704605102539062,0.34695325000000005,-0.039854736328125
0.35195312500000003,-0.008828956604003907,0.35195325000000005,-0.23912841796875
0.356953125,-0.0018652725219726561,0.35695325,0.07472763061523438
0.361953125,0.0031087875366210935,0.36195325,0.03487289428710938
0.366953125,-0.006839332580566406,0.36695325,-0.24411026000976563
0.371953125,-0.006839332580566406,0.37195325,-0.04981842041015625
0.376953125,-0.0038548965454101563,0.37695325,0.10461868286132812
0.381953125,-0.005844520568847656,0.38195325,-0.16440078735351563
0.386953125,0.0011191635131835938,0.38695325,-0.1594189453125
0.391953125,0.0021139755249023435,0.39195325000000003,0.13949157714843752
0.396953125,-0.0018652725219726561,0.39695325000000004,-0.03487289428710938
0.401953125,-0.008828956604003907,0.40195325000000004,-0.21421920776367187
0.406953125,-0.0008704605102539062,0.40695325000000004,0.10461868286132812
0.41195312500000003,-0.0028600845336914063,0.41195325000000005,0.06974578857421876
0.41695312500000004,0.0031087875366210935,0.41695325000000005,-0.19429183959960938
0.421953125,0.0011191635131835938,0.42195325,-0.024909210205078126
0.426953125,-0.0038548965454101563,0.42695325,0.10960052490234376
0.431953125,0.007088035583496094,0.43195325,-0.14447341918945314
0.436953125,-0.0008704605102539062,0.43695325,-0.14945526123046876
0.441953125,0.0031087875366210935,0.44195325,0.15443710327148438
0.446953125,0.005098411560058594,0.44695325,-0.024909210205078126
0.451953125,0.0041035995483398435,0.45195325000000003,-0.21421920776367187
0.456953125,0.0011191635131835938,0.45695325000000003,0.0996368408203125
0.461953125,0.0021139755249023435,0.46195325000000004,0.06974578857421876
0.466953125,0.00012435150146484375,0.46695325000000004,-0.20923736572265625
0.47195312500000003,0.00012435150146484375,0.47195325000000005,-0.004981842041015625
0.47695312500000003,0.00012435150146484375,0.47695325000000005,0.13949157714843752
0.48195312500000004,0.0031087875366210935,0.48195325000000006,-0.11458236694335938
0.486953125,0.006093223571777343,0.48695325,-0.11458236694335938
0.491953125,0.0021139755249023435,0.49195325,0.16938262939453125
0.496953125,-0.0008704605102539062,0.49695325,-0.004981842041015625
0.501953125,-0.011813392639160156,0.50195325,-0.18432815551757814
0.506953125,-0.0038548965454101563,0.50695325,0.13450973510742187
0.511953125,0.0041035995483398435,0.51195325,0.08967315673828125
0.516953125,-0.0008704605102539062,0.51695325,-0.1793463134765625
0.521953125,-0.0018652725219726561,0.52195325,0.004981842041015625
0.526953125,0.0021139755249023435,0.52695325,0.14945526123046876
0.531953125,0.0021139755249023435,0.53195325,-0.0996368408203125
0.536953125,0.007088035583496094,0.53695325,-0.08967315673828125
0.541953125,-0.006839332580566406,0.54195325,0.1793463134765625
0.546953125,0.0021139755249023435,0.5469532500000001,0.00996368408203125
0.551953125,0.0031087875366210935,0.5519532500000001,-0.16938262939453125
0.556953125,0.0011191635131835938,0.5569532500000001,0.13949157714843752
0.561953125,-0.0008704605102539062,0.5619532500000001,0.07472763061523438
0.5669531250000001,0.0011191635131835938,0.5669532500000001,-0.18930999755859376
0.5719531250000001,0.00012435150146484375,0.5719532500000001,-0.004981842041015625
0.5769531250000001,0.006093223571777343,0.5769532500000001,0.12952789306640625
0.581953125,-0.0038548965454101563,0.58195325,-0.15443710327148438
0.586953125,-0.0028600845336914063,0.58695325,-0.1594189453125
0.591953125,-0.0018652725219726561,0.59195325,0.12454605102539062
0.596953125,-0.0018652725219726561,0.59695325,-0.0597821044921875
0.601953125,-0.006839332580566406,0.60195325,-0.24909210205078125
0.606953125,-0.0038548965454101563,0.60695325,0.06974578857421876
0.611953125,-0.0008704605102539062,0.61195325,0.02989105224609375
0.616953125,-0.0008704605102539062,0.61695325,-0.2540739440917969
0.621953125,-0.004849708557128906,0.62195325,-0.07472763061523438
0.626953125,-0.0018652725219726561,0.62695325,0.07472763061523438
0.631953125,0.0011191635131835938,0.63195325,-0.19429183959960938
0.636953125,0.0021139755249023435,0.63695325,-0.1793463134765625
0.641953125,0.00012435150146484375,0.64195325,0.10461868286132812
0.646953125,0.0011191635131835938,0.64695325,-0.07970947265625
0.651953125,0.007088035583496094,0.65195325,-0.24909210205078125
0.656953125,-0.0018652725219726561,0.65695325,0.06476394653320312
0.661953125,0.0011191635131835938,0.66195325,0.02989105224609375
0.666953125,0.00012435150146484375,0.66695325,-0.2540739440917969
0.671953125,-0.0018652725219726561,0.6719532500000001,-0.07472763061523438
0.676953125,0.0011191635131835938,0.6769532500000001,0.09465499877929688
0.681953125,-0.0028600845336914063,0.6819532500000001,-0.1594189453125
0.686953125,0.00012435150146484375,0.6869532500000001,-0.14945526123046876
0.6919531250000001,-0.0018652725219726561,0.6919532500000001,0.12952789306640625
0.6969531250000001,0.0041035995483398435,0.6969532500000001,-0.039854736328125
0.7019531250000001,-0.0018652725219726561,0.7019532500000001,-0.22418289184570314
0.706953125,-0.0018652725219726561,0.70695325,0.07472763061523438
0.711953125,0.0041035995483398435,0.71195325,0.04981842041015625
0.716953125,0.0011191635131835938,0.71695325,-0.23414657592773438
0.721953125,-0.004849708557128906,0.72195325,-0.039854736328125
0.726953125,-0.0028600845336914063,0.72695325,0.10960052490234376
0.731953125,-0.0008704605102539062,0.73195325,-0.1594189453125
0.736953125,0.00012435150146484375,0.73695325,-0.15443710327148438
0.741953125,0.00012435150146484375,0.74195325,0.14945526123046876
0.746953125,0.0021139755249023435,0.74695325,-0.024909210205078126
0.751953125,0.00012435150146484375,0.75195325,-0.20923736572265625
0.756953125,-0.0038548965454101563,0.75695325,0.10960052490234376
0.761953125,-0.0008704605102539062,0.76195325,0.0597821044921875
0.766953125,-0.004849708557128906,0.76695325,-0.22418289184570314
0.771953125,-0.0038548965454101563,0.77195325,-0.0199273681640625
0.776953125,-0.0038548965454101563,0.77695325,0.11458236694335938
0.781953125,0.0011191635131835938,0.78195325,-0.14945526123046876
0.786953125,-0.0028600845336914063,0.78695325,-0.14447341918945314
0.791953125,-0.0038548965454101563,0.79195325,0.13450973510742187
0.796953125,-0.004849708557128906,0.7969532500000001,-0.039854736328125
0.801953125,0.0011191635131835938,0.8019532500000001,-0.21421920776367187
0.806953125,-0.0018652725219726561,0.8069532500000001,0.10461868286132812
0.811953125,-0.007834144592285156,0.8119532500000001,0.05480026245117188
0.8169531250000001,-0.0028600845336914063,0.8169532500000001,-0.21920104980468752
0.8219531250000001,-0.004849708557128906,0.8219532500000001,-0.0199273681640625
0.8269531250000001,-0.0038548965454101563,0.8269532500000001,0.10960052490234376
0.8319531250000001,-0.004849708557128906,0.8319532500000001,-0.14945526123046876
0.836953125,0.0041035995483398435,0.83695325,-0.14447341918945314
0.841953125,0.006093223571777343,0.84195325,0.13450973510742187
0.846953125,-0.004849708557128906,0.84695325,-0.02989105224609375
0.851953125,-0.004849708557128906,0.85195325,-0.21920104980468752
0.856953125,-0.0018652725219726561,0.85695325,0.09465499877929688
0.861953125,0.00012435150146484375,0.86195325,0.04981842041015625
0.866953125,0.00012435150146484375,0.86695325,-0.23414657592773438
0.871953125,-0.0028600845336914063,0.87195325,-0.02989105224609375
0.876953125,0.00012435150146484375,0.87695325,0.10960052490234376
0.881953125,-0.0028600845336914063,0.88195325,-0.14447341918945314
0.886953125,0.00012435150146484375,0.88695325,-0.12952789306640625
0.891953125,0.0021139755249023435,0.89195325,0.14945526123046876
0.896953125,0.0021139755249023435,0.89695325,-0.039854736328125
0.901953125,0.005098411560058594,0.90195325,-0.21421920776367187
0.906953125,-0.0008704605102539062,0.90695325,0.10960052490234376
0.911953125,0.006093223571777343,0.91195325,0.06974578857421876
0.916953125,0.007088035583496094,0.91695325,-0.20923736572265625
0.921953125,-0.0008704605102539062,0.9219532500000001,-0.014945526123046875
0.926953125,0.00012435150146484375,0.9269532500000001,0.119564208984375
0.931953125,0.0041035995483398435,0.9319532500000001,-0.14945526123046876
0.936953125,0.0031087875366210935,0.9369532500000001,-0.14447341918945314
0.9419531250000001,-0.0018652725219726561,0.9419532500000001,0.12454605102539062
0.9469531250000001,0.00012435150146484375,0.9469532500000001,-0.03487289428710938
0.9519531250000001,-0.0008704605102539062,0.9519532500000001,-0.20923736572265625
0.9569531250000001,-0.0038548965454101563,0.9569532500000001,0.11458236694335938
0.9619531250000001,0.0011191635131835938,0.9619532500000001,0.05480026245117188
0.966953125,-0.0008704605102539062,0.96695325,-0.22916473388671876
0.971953125,0.0021139755249023435,0.97195325,-0.014945526123046875
0.976953125,0.0031087875366210935,0.97695325,0.12454605102539062
0.981953125,-0.0028600845336914063,0.98195325,-0.12952789306640625
0.986953125,-0.0008704605102539062,0.98695325,-0.13949157714843752
0.991953125,0.0011191635131835938,0.99195325,0.14447341918945314
0.996953125,-0.0028600845336914063,0.99695325,-0.02989105224609375
1.001953125,-0.006839332580566406,1.00195325,-0.20923736572265625
1.0069531250000001,0.0041035995483398435,1.00695325,0.11458236694335938
1.011953125,-0.009823768615722655,1.01195325,0.07472763061523438
1.0169531250000001,0.0041035995483398435,1.01695325,-0.19429183959960938
1.021953125,-0.0008704605102539062,1.02195325,0.0199273681640625
1.026953125,0.0011191635131835938,1.0269532499999998,0.13450973510742187
1.031953125,0.0031087875366210935,1.03195325,-0.12454605102539062
1.036953125,0.0021139755249023435,1.0369532499999998,-0.12454605102539062
1.041953125,-0.0008704605102539062,1.04195325,0.14945526123046876
1.046953125,-0.006839332580566406,1.0469532499999998,-0.039854736328125
1.051953125,0.00012435150146484375,1.05195325,-0.21421920776367187
1.056953125,0.0011191635131835938,1.0569532499999998,0.10461868286132812
1.061953125,-0.0008704605102539062,1.06195325,0.04483657836914062
1.066953125,-0.0008704605102539062,1.0669532499999999,-0.24411026000976563
1.071953125,-0.007834144592285156,1.07195325,-0.04981842041015625
1.076953125,-0.0008704605102539062,1.0769532499999999,0.0996368408203125
1.081953125,0.00012435150146484375,1.08195325,-0.16938262939453125
1.086953125,-0.0038548965454101563,1.0869532499999999,-0.14447341918945314
1.091953125,0.0011191635131835938,1.09195325,0.13949157714843752
1.096953125,-0.0018652725219726561,1.0969532499999999,-0.05480026245117188
1.101953125,0.00012435150146484375,1.10195325,-0.21920104980468752
1.106953125,0.0011191635131835938,1.1069532499999999,0.09465499877929688
1.111953125,-0.0018652725219726561,1.11195325,0.04981842041015625
1.116953125,-0.0018652725219726561,1.11695325,-0.23414657592773438
1.121953125,-0.0028600845336914063,1.12195325,-0.024909210205078126
1.126953125,-0.0018652725219726561,1.12695325,0.10461868286132812
1.1319531250000001,0.00012435150146484375,1.13195325,-0.16938262939453125
1.136953125,0.0041035995483398435,1.13695325,-0.1594189453125
1.1419531250000001,0.0021139755249023435,1.14195325,0.12952789306640625
1.146953125,-0.0018652725219726561,1.14695325,-0.03487289428710938
1.1519531250000001,-0.004849708557128906,1.15195325,-0.20425552368164063
1.156953125,-0.008828956604003907,1.15695325,0.10960052490234376
1.161953125,0.00012435150146484375,1.1619532499999998,0.06476394653320312
1.166953125,0.00012435150146484375,1.16695325,-0.22418289184570314
1.171953125,-0.0018652725219726561,1.1719532499999998,-0.004981842041015625
1.176953125,-0.004849708557128906,1.17695325,0.119564208984375
1.181953125,-0.0018652725219726561,1.1819532499999998,-0.12952789306640625
1.186953125,-0.0008704605102539062,1.18695325,-0.13450973510742187
1.191953125,0.00012435150146484375,1.1919532499999999,0.14945526123046876
1.196953125,-0.0008704605102539062,1.19695325,0.00996368408203125
1.201953125,0.00012435150146484375,1.2019532499999999,-0.11458236694335938
1.206953125,-0.0038548965454101563,1.20695325,0.199273681640625
1.211953125,0.0011191635131835938,1.2119532499999999,0.18930999755859376
1.216953125,-0.0008704605102539062,1.21695325,-0.024909210205078126
1.221953125,0.00012435150146484375,1.2219532499999999,0.16440078735351563
1.226953125,0.0031087875366210935,1.22695325,0.199273681640625
1.231953125,0.0031087875366210935,1.2319532499999999,-0.16440078735351563
1.236953125,-0.0028600845336914063,1.23695325,-0.19429183959960938
1.241953125,0.0011191635131835938,1.24195325,0.07472763061523438
1.246953125,-0.0038548965454101563,1.24695325,-0.10960052490234376
1.251953125,-0.0018652725219726561,1.25195325,-0.27898315429687504
1.2569531250000001,0.0021139755249023435,1.25695325,0.05480026245117188
1.261953125,-0.0008704605102539062,1.26195325,0.014945526123046875
1.2669531250000001,-0.0018652725219726561,1.26695325,-0.26403762817382814
1.271953125,0.00012435150146484375,1.27195325,-0.0597821044921875
1.2769531250000001,0.00012435150146484375,1.27695325,0.07970947265625
1.281953125,0.0011191635131835938,1.28195325,-0.17436447143554687
1.286953125,-0.006839332580566406,1.2869532499999998,-0.13949157714843752
1.291953125,0.005098411560058594,1.29195325,0.13949157714843752
1.296953125,0.0031087875366210935,1.2969532499999998,-0.05480026245117188
1.301953125,-0.0018652725219726561,1.30195325,-0.23912841796875
1.306953125,0.0011191635131835938,1.3069532499999998,0.08967315673828125
1.311953125,-0.0028600845336914063,1.31195325,0.04981842041015625
1.316953125,0.0011191635131835938,1.3169532499999999,-0.21920104980468752
1.321953125,0.00012435150146484375,1.32195325,-0.024909210205078126
1.326953125,-0.008828956604003907,1.3269532499999999,0.10960052490234376
1.331953125,0.0011191635131835938,1.33195325,-0.15443710327148438
1.336953125,-0.006839332580566406,1.3369532499999999,-0.14447341918945314
1.341953125,-0.0018652725219726561,1.34195325,0.13450973510742187
1.346953125,-0.0008704605102539062,1.3469532499999999,-0.03487289428710938
1.351953125,0.005098411560058594,1.35195325,-0.19429183959960938
1.356953125,-0.008828956604003907,1.3569532499999999,0.10960052490234376
1.361953125,-0.0018652725219726561,1.36195325,0.06974578857421876
1.366953125,0.0011191635131835938,1.36695325,-0.20923736572265625
1.371953125,-0.006839332580566406,1.37195325,-0.00996368408203125
1.376953125,0.0031087875366210935,1.37695325,0.119564208984375
1.3819531250000001,-0.0028600845336914063,1.38195325,-0.14447341918945314
1.386953125,0.0031087875366210935,1.38695325,-0.12454605102539062
1.3919531250000001,0.0021139755249023435,1.39195325,0.14945526123046876
1.396953125,0.0021139755249023435,1.39695325,-0.03487289428710938
1.4019531250000001,-0.0008704605102539062,1.40195325,-0.20425552368164063
1.406953125,-0.006839332580566406,1.40695325,0.11458236694335938
1.411953125,-0.006839332580566406,1.4119532499999998,0.07472763061523438
1.416953125,0.00012435150146484375,1.41695325,-0.18930999755859376
1.421953125,-0.0008704605102539062,1.4219532499999998,0.014945526123046875
1.426953125,0.00012435150146484375,1.42695325,0.13949157714843752
1.431953125,0.0031087875366210935,1.4319532499999998,-0.11458236694335938
1.436953125,-0.0008704605102539062,1.43695325,-0.09465499877929688
1.441953125,0.00012435150146484375,1.4419532499999999,0.16938262939453125
1.446953125,-0.0008704605102539062,1.44695325,0.0
1.451953125,-0.004849708557128906,1.4519532499999999,-0.16440078735351563
1.456953125,0.0011191635131835938,1.45695325,0.14945526123046876
1.461953125,-0.005844520568847656,1.4619532499999999,0.09465499877929688
1.466953125,0.0021139755249023435,1.46695325,-0.16938262939453125
1.471953125,0.00012435150146484375,1.4719532499999999,0.02989105224609375
1.476953125,-0.012808204650878906,1.47695325,0.14945526123046876
1.481953125,0.0031087875366210935,1.4819532499999999,-0.11458236694335938
1.486953125,-0.0018652725219726561,1.48695325,-0.08967315673828125
1.491953125,0.00012435150146484375,1.49195325,0.16938262939453125
1.496953125,-0.005844520568847656,1.49695325,-0.0199273681640625
1.501953125,0.00012435150146484375,1.50195325,-0.17436447143554687
1.5069531250000001,-0.0028600845336914063,1.50695325,0.119564208984375
1.511953125,-0.006839332580566406,1.51195325,0.06476394653320312
1.5169531250000001,0.0041035995483398435,1.51695325,-0.22418289184570314
1.521953125,-0.0018652725219726561,1.52195325,-0.024909210205078126
1.5269531250000001,0.00012435150146484375,1.52695325,0.0996368408203125
1.531953125,0.00012435150146484375,1.53195325,-0.18930999755859376
1.5369531250000001,0.006093223571777343,1.53695325,-0.1793463134765625
1.541953125,-0.0038548965454101563,1.54195325,0.10461868286132812
1.546953125,0.0041035995483398435,1.5469532499999998,-0.08967315673828125
1.551953125,-0.004849708557128906,1.55195325,-0.2540739440917969
1.556953125,-0.006839332580566406,1.5569532499999998,0.06974578857421876
1.561953125,-0.007834144592285156,1.56195325,0.00996368408203125
1.566953125,0.0031087875366210935,1.5669532499999999,-0.26403762817382814
1.571953125,0.0031087875366210935,1.57195325,-0.07970947265625
1.576953125,-0.0038548965454101563,1.5769532499999999,0.06974578857421876
1.581953125,-0.007834144592285156,1.58195325,-0.19429183959960938
1.586953125,-0.004849708557128906,1.5869532499999999,-0.17436447143554687
1.591953125,-0.005844520568847656,1.59195325,0.10461868286132812
1.596953125,-0.004849708557128906,1.5969532499999999,-0.08967315673828125
1.601953125,0.00012435150146484375,1.60195325,-0.24411026000976563
1.606953125,-0.005844520568847656,1.6069532499999999,0.08967315673828125
1.611953125,-0.0008704605102539062,1.61195325,0.03487289428710938
1.616953125,-0.0008704605102539062,1.61695325,-0.24411026000976563
1.621953125,-0.005844520568847656,1.62195325,-0.00996368408203125
1.626953125,-0.004849708557128906,1.62695325,0.10461868286132812
1.6319531250000001,0.0011191635131835938,1.63195325,-0.16938262939453125
1.636953125,0.0011191635131835938,1.63695325,-0.14447341918945314
1.6419531250000001,-0.0008704605102539062,1.64195325,0.12454605102539062
1.646953125,0.005098411560058594,1.64695325,-0.04483657836914062
1.6519531250000001,-0.0018652725219726561,1.65195325,-0.20923736572265625
1.656953125,0.0031087875366210935,1.65695325,0.10960052490234376
1.6619531250000001,-0.0018652725219726561,1.66195325,0.05480026245117188
1.666953125,-0.0028600845336914063,1.66695325,-0.22418289184570314
1.671953125,-0.0018652725219726561,1.6719532499999998,-0.004981842041015625
1.676953125,-0.0008704605102539062,1.67695325,0.11458236694335938
1.681953125,-0.005844520568847656,1.6819532499999998,-0.14447341918945314
1.686953125,0.0021139755249023435,1.68695325,-0.10960052490234376
1.691953125,0.00012435150146484375,1.6919532499999999,0.14447341918945314
1.696953125,0.0031087875366210935,1.69695325,-0.02989105224609375
1.701953125,-0.004849708557128906,1.7019532499999999,-0.20923736572265625
1.706953125,-0.0038548965454101563,1.70695325,0.10960052490234376
1.711953125,-0.006839332580566406,1.7119532499999999,0.05480026245117188
1.716953125,0.0031087875366210935,1.71695325,-0.21920104980468752
1.721953125,-0.004849708557128906,1.7219532499999999,0.0
1.726953125,-0.0018652725219726561,1.72695325,0.119564208984375
1.731953125,0.005098411560058594,1.7319532499999999,-0.16440078735351563
1.736953125,-0.004849708557128906,1.73695325,-0.14447341918945314
1.741953125,-0.0008704605102539062,1.74195325,0.13450973510742187
1.746953125,-0.0028600845336914063,1.74695325,-0.06476394653320312
1.751953125,-0.0008704605102539062,1.75195325,-0.20923736572265625
1.7569531250000001,-0.0008704605102539062,1.75695325,0.10960052490234376
1.761953125,-0.0018652725219726561,1.76195325,0.0597821044921875
1.7669531250000001,0.0011191635131835938,1.76695325,-0.22418289184570314
1.771953125,-0.0018652725219726561,1.77195325,-0.004981842041015625
1.7769531250000001,0.00012435150146484375,1.77695325,0.11458236694335938
1.781953125,0.0031087875366210935,1.78195325,-0.15443710327148438
1.7869531250000001,-0.0038548965454101563,1.78695325,-0.12952789306640625
1.791953125,-0.0028600845336914063,1.79195325,0.14447341918945314
1.796953125,-0.0028600845336914063,1.7969532499999998,-0.039854736328125
1.801953125,-0.0038548965454101563,1.80195325,-0.22418289184570314
1.806953125,-0.0038548965454101563,1.8069532499999998,0.11458236694335938
1.811953125,-0.004849708557128906,1.81195325,0.0597821044921875
1.816953125,0.0011191635131835938,1.8169532499999999,-0.21421920776367187
1.821953125,-0.0028600845336914063,1.82195325,0.0
1.826953125,0.0021139755249023435,1.8269532499999999,0.11458236694335938
1.831953125,-0.0008704605102539062,1.83195325,-0.1594189453125
1.836953125,0.0021139755249023435,1.8369532499999999,-0.13450973510742187
1.841953125,-0.004849708557128906,1.84195325,0.12952789306640625
1.846953125,-0.0008704605102539062,1.8469532499999999,-0.04981842041015625
1.851953125,0.0041035995483398435,1.85195325,-0.21920104980468752
1.856953125,-0.0008704605102539062,1.8569532499999999,0.0996368408203125
1.861953125,0.0011191635131835938,1.86195325,0.04483657836914062
1.866953125,-0.0038548965454101563,1.86695325,-0.22916473388671876
1.871953125,-0.009823768615722655,1.87195325,-0.00996368408203125
1.876953125,0.0011191635131835938,1.87695325,0.10960052490234376
1.8819531250000001,0.0021139755249023435,1.88195325,-0.1594189453125
1.886953125,-0.0018652725219726561,1.88695325,-0.12952789306640625
1.8919531250000001,-0.0018652725219726561,1.89195325,0.14447341918945314
1.896953125,-0.0018652725219726561,1.89695325,-0.039854736328125
1.9019531250000001,0.0021139755249023435,1.90195325,-0.21421920776367187
1.906953125,-0.006839332580566406,1.90695325,0.10960052490234376
1.9119531250000001,-0.0018652725219726561,1.91195325,0.04981842041015625
1.916953125,-0.0018652725219726561,1.91695325,-0.21920104980468752
1.9219531250000002,-0.005844520568847656,1.92195325,0.004981842041015625
1.926953125,-0.0028600845336914063,1.92695325,0.12454605102539062
1.931953125,-0.0008704605102539062,1.9319532499999998,-0.14447341918945314
1.936953125,-0.0028600845336914063,1.93695325,-0.10960052490234376
1.941953125,0.0011191635131835938,1.9419532499999999,0.16440078735351563
1.946953125,0.0041035995483398435,1.94695325,-0.024909210205078126
1.951953125,-0.006839332580566406,1.9519532499999999,-0.18930999755859376
1.956953125,0.0021139755249023435,1.95695325,0.13450973510742187
1.961953125,-0.006839332580566406,1.9619532499999999,0.05480026245117188
1.966953125,-0.0008704605102539062,1.96695325,-0.22418289184570314
1.971953125,-0.0008704605102539062,1.9719532499999999,-0.014945526123046875
1.976953125,-0.005844520568847656,1.97695325,0.10960052490234376
1.981953125,0.005098411560058594,1.9819532499999999,-0.15443710327148438
1.986953125,0.00012435150146484375,1.98695325,-0.12952789306640625
1.991953125,-0.0018652725219726561,1.99195325,0.13450973510742187
1.996953125,0.005098411560058594,1.99695325,-0.07472763061523438
2.001953125,0.0041035995483398435,2.00195325,-0.24909210205078125
2.006953125,-0.008828956604003907,2.00695325,0.08469131469726562
2.0119531250000002,-0.0008704605102539062,2.0119532500000004,0.02989105224609375
2.016953125,0.0011191635131835938,2.0169532500000003,-0.22916473388671876
2.021953125,-0.0018652725219726561,2.02195325,-0.014945526123046875
2.026953125,0.00012435150146484375,2.02695325,0.09465499877929688
2.0319531250000002,0.00012435150146484375,2.0319532500000004,-0.16938262939453125
2.036953125,0.005098411560058594,2.0369532500000003,-0.14447341918945314
2.041953125,-0.0008704605102539062,2.04195325,0.13450973510742187
2.046953125,0.0021139755249023435,2.04695325,-0.06974578857421876
2.051953125,-0.0008704605102539062,2.05195325,-0.21920104980468752
2.056953125,-0.0008704605102539062,2.0569532500000003,0.10461868286132812
2.061953125,0.0011191635131835938,2.06195325,0.02989105224609375
2.066953125,-0.0018652725219726561,2.06695325,-0.23414657592773438
2.071953125,0.007088035583496094,2.07195325,-0.0199273681640625
2.076953125,-0.0028600845336914063,2.0769532500000003,0.10461868286132812
2.081953125,0.0041035995483398435,2.08195325,-0.1594189453125
2.086953125,0.00012435150146484375,2.08695325,-0.12454605102539062
2.091953125,0.00012435150146484375,2.09195325,0.14447341918945314
2.096953125,0.0031087875366210935,2.0969532500000003,-0.06476394653320312
2.101953125,-0.0018652725219726561,2.10195325,-0.21421920776367187
2.106953125,-0.0008704605102539062,2.10695325,0.10461868286132812
2.111953125,-0.0038548965454101563,2.11195325,0.05480026245117188
2.116953125,-0.010818580627441406,2.1169532500000003,-0.199273681640625
2.121953125,0.0041035995483398435,2.1219532500000002,0.02989105224609375
2.126953125,0.0031087875366210935,2.12695325,0.16440078735351563
2.131953125,0.0011191635131835938,2.13195325,-0.039854736328125
2.1369531250000002,0.0031087875366210935,2.1369532500000004,0.04483657836914062
2.141953125,0.00012435150146484375,2.1419532500000003,0.2889468383789063
2.146953125,-0.0038548965454101563,2.14695325,0.10461868286132812
2.151953125,0.00012435150146484375,2.15195325,-0.0996368408203125
2.1569531250000002,-0.004849708557128906,2.1569532500000004,0.16938262939453125
2.161953125,0.005098411560058594,2.1619532500000003,0.04483657836914062
2.166953125,-0.008828956604003907,2.16695325,-0.27898315429687504
2.171953125,-0.0028600845336914063,2.17195325,-0.08469131469726562
2.1769531250000003,-0.0008704605102539062,2.1769532500000004,0.04483657836914062
2.181953125,0.0011191635131835938,2.1819532500000003,-0.21920104980468752
2.186953125,0.006093223571777343,2.18695325,-0.1793463134765625
2.191953125,-0.0008704605102539062,2.19195325,0.0996368408203125
2.196953125,0.0011191635131835938,2.19695325,-0.08967315673828125
2.201953125,-0.0028600845336914063,2.2019532500000003,-0.24411026000976563
2.206953125,0.0011191635131835938,2.20695325,0.07970947265625
2.211953125,0.0031087875366210935,2.21195325,0.03487289428710938
2.216953125,-0.0008704605102539062,2.21695325,-0.24909210205078125
2.221953125,-0.0038548965454101563,2.2219532500000003,-0.00996368408203125
2.226953125,-0.0018652725219726561,2.22695325,0.10960052490234376
2.231953125,0.0031087875366210935,2.23195325,-0.16440078735351563
2.236953125,-0.0018652725219726561,2.23695325,-0.13949157714843752
2.241953125,0.0031087875366210935,2.2419532500000003,0.12952789306640625
2.246953125,-0.0018652725219726561,2.2469532500000002,-0.0597821044921875
2.251953125,-0.0008704605102539062,2.25195325,-0.20425552368164063
2.256953125,0.00012435150146484375,2.25695325,0.10960052490234376
2.2619531250000002,0.0011191635131835938,2.2619532500000004,0.04981842041015625
2.266953125,-0.005844520568847656,2.2669532500000003,-0.22916473388671876
2.271953125,0.0031087875366210935,2.27195325,-0.004981842041015625
2.276953125,0.0021139755249023435,2.27695325,0.119564208984375
2.2819531250000002,0.00012435150146484375,2.2819532500000004,-0.15443710327148438
2.286953125,-0.0028600845336914063,2.2869532500000003,-0.119564208984375
2.291953125,-0.0018652725219726561,2.29195325,0.14447341918945314
2.296953125,-0.0028600845336914063,2.29695325,-0.03487289428710938
2.3019531250000003,0.00012435150146484375,2.3019532500000004,-0.199273681640625
2.306953125,0.00012435150146484375,2.3069532500000003,0.11458236694335938
2.311953125,-0.0008704605102539062,2.31195325,0.0597821044921875
2.316953125,-0.004849708557128906,2.31695325,-0.20923736572265625
2.321953125,-0.005844520568847656,2.32195325,0.00996368408203125
2.326953125,-0.004849708557128906,2.3269532500000003,0.119564208984375
2.331953125,0.0011191635131835938,2.33195325,-0.14945526123046876
2.336953125,0.0011191635131835938,2.33695325,-0.119564208984375
2.341953125,0.0031087875366210935,2.34195325,0.15443710327148438
2.346953125,-0.0008704605102539062,2.3469532500000003,-0.03487289428710938
2.351953125,0.00012435150146484375,2.35195325,-0.1793463134765625
2.356953125,-0.0008704605102539062,2.35695325,0.15443710327148438
2.361953125,0.00012435150146484375,2.36195325,0.07970947265625
2.366953125,0.00012435150146484375,2.3669532500000003,-0.16440078735351563
2.371953125,-0.006839332580566406,2.3719532500000002,0.039854736328125
2.376953125,-0.0038548965454101563,2.37695325,0.13450973510742187
2.381953125,-0.0038548965454101563,2.38195325,-0.12454605102539062
2.3869531250000002,-0.0008704605102539062,2.3869532500000004,-0.08967315673828125
2.391953125,0.00012435150146484375,2.3919532500000003,0.16440078735351563
2.396953125,-0.0028600845336914063,2.39695325,-0.0199273681640625
2.401953125,-0.007834144592285156,2.40195325,-0.16938262939453125
2.4069531250000002,-0.0028600845336914063,2.4069532500000004,0.13949157714843752
2.411953125,-0.0008704605102539062,2.4119532500000003,0.07970947265625
2.416953125,-0.0018652725219726561,2.41695325,-0.16938262939453125
2.421953125,-0.0008704605102539062,2.42195325,0.03487289428710938
2.4269531250000003,0.005098411560058594,2.4269532500000004,0.14447341918945314
2.431953125,-0.0028600845336914063,2.4319532500000003,-0.13450973510742187
2.436953125,0.0041035995483398435,2.43695325,-0.0996368408203125
2.441953125,-0.0008704605102539062,2.44195325,0.14447341918945314
2.446953125,-0.0018652725219726561,2.44695325,-0.0597821044921875
2.451953125,0.00012435150146484375,2.4519532500000003,-0.22418289184570314
2.456953125,0.0031087875366210935,2.45695325,0.08967315673828125
2.461953125,0.006093223571777343,2.46195325,0.00996368408203125
2.466953125,-0.0038548965454101563,2.46695325,-0.28396499633789063
2.471953125,-0.0038548965454101563,2.4719532500000003,-0.0597821044921875
2.476953125,-0.0008704605102539062,2.47695325,0.05480026245117188
2.481953125,0.00012435150146484375,2.48195325,-0.20923736572265625
2.486953125,0.0021139755249023435,2.48695325,-0.1594189453125
2.491953125,-0.004849708557128906,2.4919532500000003,0.0996368408203125
2.496953125,-0.0018652725219726561,2.4969532500000002,-0.08967315673828125
2.501953125,0.0031087875366210935,2.50195325,-0.2540739440917969
2.506953125,-0.0008704605102539062,2.50695325,0.07472763061523438
2.5119531250000002,0.0031087875366210935,2.5119532500000004,0.004981842041015625
2.516953125,0.0021139755249023435,2.5169532500000003,-0.26403762817382814
2.521953125,-0.0038548965454101563,2.52195325,-0.024909210205078126
2.526953125,0.00012435150146484375,2.52695325,0.07472763061523438
2.5319531250000002,-0.0018652725219726561,2.5319532500000004,-0.20425552368164063
2.536953125,-0.007834144592285156,2.5369532500000003,-0.1594189453125
2.541953125,-0.005844520568847656,2.54195325,0.10960052490234376
2.546953125,-0.0028600845336914063,2.54695325,-0.08967315673828125
2.5519531250000003,0.00012435150146484375,2.5519532500000004,-0.22418289184570314
2.556953125,-0.0008704605102539062,2.5569532500000003,0.10461868286132812
2.561953125,-0.005844520568847656,2.56195325,0.03487289428710938
2.566953125,0.0021139755249023435,2.56695325,-0.23912841796875
2.571953125,0.0031087875366210935,2.57195325,-0.00996368408203125
2.576953125,-0.0018652725219726561,2.5769532500000003,0.09465499877929688
2.581953125,-0.0038548965454101563,2.58195325,-0.1793463134765625
2.586953125,0.00012435150146484375,2.58695325,-0.12952789306640625
2.591953125,-0.0008704605102539062,2.59195325,0.12454605102539062
2.596953125,0.0011191635131835938,2.5969532500000003,-0.08469131469726562
2.601953125,-0.0028600845336914063,2.60195325,-0.22916473388671876
2.606953125,0.0011191635131835938,2.60695325,0.09465499877929688
2.611953125,-0.0028600845336914063,2.61195325,0.03487289428710938
2.616953125,-0.0008704605102539062,2.6169532500000003,-0.23414657592773438
2.621953125,-0.0018652725219726561,2.6219532500000002,0.0
2.626953125,-0.004849708557128906,2.62695325,0.11458236694335938
2.631953125,-0.0028600845336914063,2.63195325,-0.16938262939453125
2.6369531250000002,0.00012435150146484375,2.6369532500000004,-0.12454605102539062
2.641953125,-0.0008704605102539062,2.6419532500000003,0.12952789306640625
2.646953125,-0.0008704605102539062,2.64695325,-0.08469131469726562
2.651953125,-0.0038548965454101563,2.65195325,-0.22916473388671876
2.6569531250000002,0.0021139755249023435,2.6569532500000004,0.10960052490234376
2.661953125,0.005098411560058594,2.6619532500000003,0.024909210205078126
2.666953125,-0.007834144592285156,2.66695325,-0.2590557861328125
2.671953125,-0.0018652725219726561,2.67195325,-0.024909210205078126
2.6769531250000003,-0.0018652725219726561,2.6769532500000004,0.09465499877929688
2.681953125,0.00012435150146484375,2.6819532500000003,-0.17436447143554687
2.686953125,-0.0018652725219726561,2.68695325,-0.12454605102539062
2.691953125,0.0021139755249023435,2.69195325,0.13450973510742187
2.696953125,0.0021139755249023435,2.69695325,-0.07970947265625
2.701953125,0.0011191635131835938,2.7019532500000003,-0.21421920776367187
2.706953125,-0.0038548965454101563,2.70695325,0.10960052490234376
2.711953125,-0.0028600845336914063,2.71195325,0.02989105224609375
2.716953125,-0.0028600845336914063,2.71695325,-0.24909210205078125
2.721953125,-0.0018652725219726561,2.7219532500000003,-0.0199273681640625
2.726953125,0.0011191635131835938,2.72695325,0.09465499877929688
2.731953125,-0.0008704605102539062,2.73195325,-0.18432815551757814
2.736953125,-0.004849708557128906,2.73695325,-0.14945526123046876
2.741953125,0.00012435150146484375,2.7419532500000003,0.119564208984375
2.746953125,0.0011191635131835938,2.7469532500000002,-0.06476394653320312
2.751953125,-0.006839332580566406,2.75195325,-0.21421920776367187
2.756953125,-0.004849708557128906,2.75695325,0.119564208984375
2.7619531250000002,0.0041035995483398435,2.7619532500000004,0.0597821044921875
2.766953125,0.00012435150146484375,2.7669532500000003,-0.24411026000976563
2.771953125,0.0021139755249023435,2.77195325,-0.014945526123046875
2.776953125,-0.0018652725219726561,2.77695325,0.0996368408203125
2.7819531250000002,0.0021139755249023435,2.7819532500000004,-0.17436447143554687
2.786953125,-0.0028600845336914063,2.7869532500000003,-0.12952789306640625
2.791953125,-0.0018652725219726561,2.79195325,0.13949157714843752
2.796953125,0.0021139755249023435,2.79695325,-0.06476394653320312
2.8019531250000003,0.0041035995483398435,2.8019532500000004,-0.22916473388671876
2.806953125,0.005098411560058594,2.8069532500000003,0.10461868286132812
2.811953125,0.0041035995483398435,2.81195325,0.02989105224609375
2.816953125,-0.0008704605102539062,2.81695325,-0.24909210205078125
2.821953125,-0.009823768615722655,2.82195325,0.0
2.826953125,0.0011191635131835938,2.8269532500000003,0.11458236694335938
2.831953125,-0.0028600845336914063,2.83195325,-0.16938262939453125
2.836953125,0.00012435150146484375,2.83695325,-0.12952789306640625
2.841953125,-0.0028600845336914063,2.84195325,0.13949157714843752
2.846953125,0.005098411560058594,2.8469532500000003,-0.05480026245117188
2.851953125,0.006093223571777343,2.85195325,-0.21421920776367187
2.856953125,-0.006839332580566406,2.85695325,0.12454605102539062
2.861953125,-0.004849708557128906,2.86195325,0.04483657836914062
2.866953125,-0.0028600845336914063,2.8669532500000003,-0.22916473388671876
2.871953125,0.005098411560058594,2.8719532500000002,0.0
2.876953125,-0.0008704605102539062,2.87695325,0.119564208984375
2.881953125,-0.0028600845336914063,2.88195325,-0.1594189453125
2.8869531250000002,-0.007834144592285156,2.8869532500000004,-0.10461868286132812
2.891953125,-0.0018652725219726561,2.8919532500000003,0.15443710327148438
2.896953125,-0.0008704605102539062,2.89695325,-0.039854736328125
2.901953125,-0.0008704605102539062,2.90195325,-0.199273681640625
2.9069531250000002,-0.0028600845336914063,2.9069532500000004,0.12454605102539062
2.911953125,0.0021139755249023435,2.9119532500000003,0.04483657836914062
2.916953125,0.005098411560058594,2.91695325,-0.22916473388671876
2.921953125,0.0041035995483398435,2.92195325,0.004981842041015625
2.9269531250000003,0.0011191635131835938,2.9269532500000004,0.09465499877929688
2.931953125,0.0021139755249023435,2.9319532500000003,-0.19429183959960938
2.936953125,-0.0018652725219726561,2.93695325,-0.14447341918945314
2.941953125,-0.0028600845336914063,2.94195325,0.12454605102539062
2.946953125,-0.0008704605102539062,2.94695325,-0.07472763061523438
2.951953125,0.0021139755249023435,2.9519532500000003,-0.21421920776367187
2.956953125,-0.0018652725219726561,2.95695325,0.10960052490234376
2.961953125,-0.0018652725219726561,2.96195325,0.04483657836914062
2.966953125,0.0021139755249023435,2.96695325,-0.22916473388671876
2.971953125,-0.0038548965454101563,2.9719532500000003,-0.014945526123046875
2.976953125,-0.0018652725219726561,2.97695325,0.0996368408203125
2.981953125,0.00012435150146484375,2.98195325,-0.17436447143554687
2.986953125,0.007088035583496094,2.98695325,-0.12454605102539062
2.991953125,0.00012435150146484375,2.9919532500000003,0.13450973510742187
2.996953125,0.006093223571777343,2.9969532500000002,-0.06476394653320312
3.001953125,0.007088035583496094,3.00195325,-0.21421920776367187
3.006953125,0.0041035995483398435,3.00695325,0.119564208984375
3.0119531250000002,-0.004849708557128906,3.0119532500000004,0.039854736328125
3.016953125,0.00012435150146484375,3.0169532500000003,-0.21920104980468752
3.021953125,0.0021139755249023435,3.02195325,0.024909210205078126
3.026953125,0.0021139755249023435,3.02695325,0.119564208984375
3.0319531250000002,-0.0008704605102539062,3.0319532500000004,-0.15443710327148438
3.036953125,0.0031087875366210935,3.0369532500000003,-0.10960052490234376
3.041953125,0.00012435150146484375,3.04195325,0.1594189453125
3.046953125,-0.0018652725219726561,3.04695325,-0.02989105224609375
3.0519531250000003,-0.0018652725219726561,3.0519532500000004,-0.14945526123046876
3.056953125,-0.004849708557128906,3.0569532500000003,0.16440078735351563
3.061953125,0.006093223571777343,3.06195325,0.15443710327148438
3.066953125,-0.004849708557128906,3.06695325,-0.04981842041015625
3.0719531250000003,-0.0018652725219726561,3.0719532500000004,0.18432815551757814
3.076953125,-0.004849708557128906,3.0769532500000003,0.24411026000976563
3.081953125,0.0031087875366210935,3.08195325,-0.09465499877929688
3.086953125,0.00012435150146484375,3.08695325,-0.12454605102539062
3.091953125,-0.0038548965454101563,3.09195325,0.10960052490234376
3.096953125,0.005098411560058594,3.0969532500000003,-0.0996368408203125
3.101953125,-0.0038548965454101563,3.10195325,-0.27898315429687504
3.106953125,0.0011191635131835938,3.10695325,0.05480026245117188
3.111953125,-0.0028600845336914063,3.11195325,-0.004981842041015625
3.116953125,-0.0018652725219726561,3.1169532500000003,-0.26403762817382814
3.121953125,0.0011191635131835938,3.1219532500000002,-0.02989105224609375
3.126953125,0.00012435150146484375,3.12695325,0.08469131469726562
3.131953125,-0.004849708557128906,3.13195325,-0.18432815551757814
3.1369531250000002,0.0011191635131835938,3.1369532500000004,-0.14447341918945314
3.141953125,-0.004849708557128906,3.1419532500000003,0.119564208984375
3.146953125,0.00012435150146484375,3.14695325,-0.07472763061523438
3.151953125,0.0011191635131835938,3.15195325,-0.21421920776367187
3.1569531250000002,-0.0008704605102539062,3.1569532500000004,0.12454605102539062
3.161953125,-0.0008704605102539062,3.1619532500000003,0.0597821044921875
3.166953125,-0.0008704605102539062,3.16695325,-0.21421920776367187
3.171953125,-0.005844520568847656,3.17195325,0.014945526123046875
3.1769531250000003,-0.0018652725219726561,3.1769532500000004,0.11458236694335938
3.181953125,-0.0008704605102539062,3.1819532500000003,-0.16440078735351563
3.186953125,0.00012435150146484375,3.18695325,-0.10960052490234376
3.191953125,0.0031087875366210935,3.19195325,0.14945526123046876
3.1969531250000003,0.0021139755249023435,3.1969532500000004,-0.05480026245117188
3.201953125,-0.0028600845336914063,3.2019532500000003,-0.199273681640625
3.206953125,0.0031087875366210935,3.20695325,0.12454605102539062
3.211953125,-0.0038548965454101563,3.21195325,0.05480026245117188
3.216953125,-0.004849708557128906,3.21695325,-0.20425552368164063
3.221953125,-0.004849708557128906,3.2219532500000003,0.024909210205078126
3.226953125,0.00012435150146484375,3.22695325,0.13450973510742187
3.231953125,0.00012435150146484375,3.23195325,-0.15443710327148438
3.236953125,0.0011191635131835938,3.23695325,-0.10960052490234376
3.241953125,-0.0028600845336914063,3.2419532500000003,0.15443710327148438
3.246953125,-0.0038548965454101563,3.2469532500000002,-0.07472763061523438
3.251953125,0.0031087875366210935,3.25195325,-0.19429183959960938
3.256953125,-0.0008704605102539062,3.25695325,0.13949157714843752
3.2619531250000002,-0.007834144592285156,3.2619532500000004,0.04981842041015625
3.266953125,-0.0008704605102539062,3.2669532500000003,-0.20425552368164063
3.271953125,-0.0018652725219726561,3.27195325,0.0199273681640625
3.276953125,-0.009823768615722655,3.27695325,0.12952789306640625
3.2819531250000002,0.0011191635131835938,3.2819532500000004,-0.13450973510742187
3.286953125,-0.011813392639160156,3.2869532500000003,-0.08967315673828125
3.291953125,-0.0018652725219726561,3.29195325,0.1793463134765625
3.296953125,-0.0008704605102539062,3.29695325,-0.02989105224609375
3.3019531250000003,0.0021139755249023435,3.3019532500000004,-0.15443710327148438
3.306953125,-0.004849708557128906,3.3069532500000003,0.15443710327148438
3.311953125,-0.0028600845336914063,3.31195325,0.07472763061523438
3.316953125,-0.0018652725219726561,3.31695325,-0.16938262939453125
3.3219531250000003,-0.004849708557128906,3.3219532500000004,0.05480026245117188
3.326953125,-0.0028600845336914063,3.3269532500000003,0.13949157714843752
3.331953125,-0.0028600845336914063,3.33195325,-0.12952789306640625
3.336953125,-0.0008704605102539062,3.33695325,-0.08967315673828125
3.341953125,-0.0018652725219726561,3.34195325,0.16938262939453125
3.346953125,0.0011191635131835938,3.3469532500000003,-0.03487289428710938
3.351953125,0.0031087875366210935,3.35195325,-0.16440078735351563
3.356953125,-0.0018652725219726561,3.35695325,0.14945526123046876
3.361953125,0.0011191635131835938,3.36195325,0.07970947265625
3.366953125,0.00012435150146484375,3.3669532500000003,-0.18432815551757814
3.371953125,-0.0018652725219726561,3.3719532500000002,0.02989105224609375
3.376953125,-0.0028600845336914063,3.37695325,0.10461868286132812
3.381953125,-0.007834144592285156,3.38195325,-0.17436447143554687
3.3869531250000002,0.0011191635131835938,3.3869532500000004,-0.119564208984375
3.391953125,0.00012435150146484375,3.3919532500000003,0.119564208984375
3.396953125,-0.0028600845336914063,3.39695325,-0.0996368408203125
3.401953125,-0.0028600845336914063,3.40195325,-0.24909210205078125
3.4069531250000002,0.0011191635131835938,3.4069532500000004,0.07472763061523438
3.411953125,0.0031087875366210935,3.4119532500000003,0.0
3.416953125,-0.0038548965454101563,3.41695325,-0.26901947021484374
3.421953125,-0.006839332580566406,3.42195325,-0.024909210205078126
3.4269531250000003,-0.0038548965454101563,3.4269532500000004,0.07472763061523438
3.431953125,0.00012435150146484375,3.4319532500000003,-0.199273681640625
3.436953125,-0.0028600845336914063,3.43695325,-0.16440078735351563
3.441953125,0.00012435150146484375,3.44195325,0.10461868286132812
3.4469531250000003,-0.004849708557128906,3.4469532500000004,-0.09465499877929688
3.451953125,0.00012435150146484375,3.4519532500000003,-0.23414657592773438
3.456953125,0.0011191635131835938,3.45695325,0.07970947265625
3.461953125,0.0021139755249023435,3.46195325,0.014945526123046875
3.466953125,-0.0028600845336914063,3.46695325,-0.24909210205078125
3.471953125,-0.0018652725219726561,3.4719532500000003,-0.014945526123046875
3.476953125,0.00012435150146484375,3.47695325,0.08967315673828125
3.481953125,-0.0018652725219726561,3.48195325,-0.16938262939453125
3.486953125,-0.0028600845336914063,3.48695325,-0.12454605102539062
3.491953125,0.0021139755249023435,3.4919532500000003,0.13949157714843752
3.496953125,0.0021139755249023435,3.4969532500000002,-0.07472763061523438
3.501953125,0.0021139755249023435,3.50195325,-0.199273681640625
3.506953125,-0.006839332580566406,3.50695325,0.11458236694335938
3.5119531250000002,0.0031087875366210935,3.5119532500000004,0.03487289428710938
3.516953125,-0.0038548965454101563,3.5169532500000003,-0.22916473388671876
3.521953125,0.0031087875366210935,3.52195325,0.014945526123046875
3.526953125,0.0031087875366210935,3.52695325,0.10461868286132812
3.5319531250000002,0.0041035995483398435,3.5319532500000004,-0.16440078735351563
3.536953125,-0.004849708557128906,3.5369532500000003,-0.119564208984375
3.541953125,0.006093223571777343,3.54195325,0.14447341918945314
3.546953125,-0.0018652725219726561,3.54695325,-0.06476394653320312
3.5519531250000003,0.00012435150146484375,3.5519532500000004,-0.18432815551757814
3.556953125,-0.0028600845336914063,3.5569532500000003,0.13450973510742187
3.561953125,-0.0038548965454101563,3.56195325,0.05480026245117188
3.566953125,-0.004849708557128906,3.56695325,-0.22418289184570314
3.5719531250000003,-0.005844520568847656,3.5719532500000004,0.024909210205078126
3.576953125,-0.0018652725219726561,3.5769532500000003,0.0996368408203125
3.581953125,-0.0018652725219726561,3.58195325,-0.16938262939453125
3.586953125,-0.006839332580566406,3.58695325,-0.119564208984375
3.591953125,0.0021139755249023435,3.59195325,0.13450973510742187
3.596953125,-0.004849708557128906,3.5969532500000003,-0.08469131469726562
3.601953125,-0.007834144592285156,3.60195325,-0.21920104980468752
3.606953125,-0.004849708557128906,3.60695325,0.119564208984375
3.611953125,0.00012435150146484375,3.61195325,0.03487289428710938
3.616953125,-0.0038548965454101563,3.6169532500000003,-0.22418289184570314
3.621953125,0.0011191635131835938,3.6219532500000002,0.0199273681640625
3.626953125,-0.0018652725219726561,3.62695325,0.10960052490234376
3.631953125,-0.004849708557128906,3.63195325,-0.1594189453125
3.6369531250000002,-0.004849708557128906,3.6369532500000004,-0.10461868286132812
3.641953125,-0.0038548965454101563,3.6419532500000003,0.13450973510742187
3.646953125,-0.004849708557128906,3.64695325,-0.08469131469726562
3.651953125,-0.006839332580566406,3.65195325,-0.21421920776367187
3.6569531250000002,-0.0008704605102539062,3.6569532500000004,0.10960052490234376
3.661953125,-0.0008704605102539062,3.6619532500000003,0.039854736328125
3.666953125,0.0011191635131835938,3.66695325,-0.23912841796875
3.671953125,-0.0028600845336914063,3.67195325,0.004981842041015625
3.6769531250000003,-0.0018652725219726561,3.6769532500000004,0.10461868286132812
3.681953125,-0.0008704605102539062,3.6819532500000003,-0.16440078735351563
3.686953125,-0.006839332580566406,3.68695325,-0.10960052490234376
3.691953125,0.00012435150146484375,3.69195325,0.14447341918945314
3.6969531250000003,0.00012435150146484375,3.6969532500000004,-0.04981842041015625
3.701953125,0.00012435150146484375,3.7019532500000003,-0.18930999755859376
3.706953125,-0.005844520568847656,3.70695325,0.13949157714843752
3.711953125,-0.006839332580566406,3.71195325,0.04483657836914062
3.716953125,-0.0038548965454101563,3.71695325,-0.21421920776367187
3.721953125,-0.004849708557128906,3.7219532500000003,0.0199273681640625
3.726953125,-0.0028600845336914063,3.72695325,0.10960052490234376
3.731953125,0.00012435150146484375,3.73195325,-0.1594189453125
3.736953125,0.00012435150146484375,3.73695325,-0.10960052490234376
3.741953125,-0.0028600845336914063,3.7419532500000003,0.14945526123046876
3.746953125,-0.005844520568847656,3.7469532500000002,-0.04981842041015625
